1 0 2
1 1 2
1 2 2
1 3 2
1 4 2
1 5 2
1 6 2
1 7 2
1 8 2
1 9 2
1 10 2
1 11 2
1 12 2
1 13 2
1 14 2
1 15 2
1 16 2
1 17 2
1 18 2
1 20 2
1 21 2
1 22 2
1 23 2
1 24 2
1 25 2
1 26 2
1 27 2
1 28 2
1 29 2
1 30 2
1 31 2
1 32 2
1 33 2
1 34 2
1 35 2
1 36 2
1 37 2
1 38 2
1 39 2
1 40 2
1 41 2
1 42 2
1 43 2
1 44 2
1 45 2
1 46 2
1 47 2
1 48 2
1 49 2
1 50 2
1 51 2
1 52 2
1 53 2
1 54 2
1 55 2
1 56 2
1 57 2
1 58 2
1 59 2
1 60 2
1 61 2
1 62 2
1 63 2
1 64 2
1 65 2
1 66 2
1 67 2
1 68 2
1 69 2
1 70 2
1 71 2
1 72 2
1 73 2
1 74 2
1 75 2
1 76 2
1 77 2
1 78 2
1 79 2
1 80 2
1 81 2
1 82 2
1 83 2
1 84 2
1 87 2
1 88 2
1 89 2
1 90 2
1 91 2
1 92 2
1 93 2
1 94 2
1 97 2
1 98 2
1 99 2
1 100 2
1 101 2
2 0 2
3 0 2
3 1 2
3 2 2
3 3 2
3 4 2
3 5 2
3 6 2
3 7 2
3 8 2
3 9 2
3 10 2
3 11 2
3 12 2
3 13 2
3 14 2
3 15 2
3 16 2
3 17 2
3 18 2
3 20 2
3 21 2
3 22 2
3 23 2
3 24 2
3 25 2
3 26 2
3 27 2
3 28 2
3 29 2
3 30 2
3 31 2
3 32 2
3 33 2
3 34 2
3 35 2
3 36 2
3 37 2
3 38 2
3 39 2
3 40 2
3 41 2
3 42 2
3 43 2
3 44 2
3 45 2
3 46 2
3 47 2
3 48 2
3 49 2
3 50 2
3 51 2
3 52 2
3 53 2
3 54 2
3 55 2
3 56 2
3 57 2
3 58 2
3 59 2
3 60 2
3 61 2
3 62 2
3 63 2
3 64 2
3 65 2
3 66 2
3 67 2
3 68 2
3 69 2
3 70 2
3 71 2
3 72 2
3 73 2
3 74 2
3 75 2
3 76 2
3 77 2
3 78 2
3 79 2
3 80 2
3 81 2
3 82 2
3 83 2
3 84 2
3 87 2
3 88 2
3 89 2
3 90 2
3 91 2
3 92 2
3 93 2
3 94 2
3 97 2
3 98 2
3 99 2
3 100 2
3 101 2
4 0 2
5 0 2
5 1 2
5 2 2
5 3 2
5 4 2
5 5 2
5 6 2
5 7 2
5 8 2
5 9 2
5 10 2
5 11 2
5 12 2
5 13 2
5 14 2
5 15 2
5 16 2
5 17 2
5 18 2
5 20 2
5 21 2
5 22 2
5 23 2
5 24 2
5 25 2
5 26 2
5 27 2
5 28 2
5 29 2
5 30 2
5 31 2
5 32 2
5 33 2
5 34 2
5 35 2
5 36 2
5 37 2
5 38 2
5 39 2
5 40 2
5 41 2
5 42 2
5 43 2
5 44 2
5 45 2
5 46 2
5 47 2
5 48 2
5 49 2
5 50 2
5 51 2
5 52 2
5 53 2
5 54 2
5 55 2
5 56 2
5 57 2
5 58 2
5 59 2
5 60 2
5 61 2
5 62 2
5 63 2
5 64 2
5 65 2
5 66 2
5 67 2
5 68 2
5 69 2
5 70 2
5 71 2
5 72 2
5 73 2
5 74 2
5 75 2
5 76 2
5 77 2
5 78 2
5 79 2
5 80 2
5 81 2
5 82 2
5 83 2
5 84 2
5 87 2
5 88 2
5 89 2
5 90 2
5 91 2
5 92 2
5 93 2
5 94 2
5 97 2
5 98 2
5 99 2
5 100 2
5 101 2
6 0 2
7 0 4
7 1 4
7 2 4
7 3 4
7 4 4
7 5 4
7 6 4
7 7 4
7 8 4
7 9 4
7 10 4
7 11 4
7 12 4
7 13 4
7 14 4
7 15 4
7 16 4
7 17 4
7 18 4
7 20 4
7 21 4
7 22 4
7 23 4
7 24 4
7 25 4
7 26 4
7 27 4
7 28 4
7 29 4
7 30 4
7 31 4
7 32 4
7 33 4
7 34 4
7 35 4
7 36 4
7 37 4
7 38 4
7 39 4
7 40 4
7 41 4
7 42 4
7 43 4
7 44 4
7 45 4
7 46 4
7 47 4
7 48 4
7 49 4
7 50 4
7 51 4
7 52 4
7 53 4
7 54 4
7 55 4
7 56 4
7 57 4
7 58 4
7 59 4
7 60 4
7 61 4
7 62 4
7 63 4
7 64 4
7 65 4
7 66 4
7 67 4
7 68 4
7 69 4
7 70 4
7 71 4
7 72 4
7 73 4
7 74 4
7 75 4
7 76 4
7 77 4
7 78 4
7 79 4
7 80 4
7 81 4
7 82 4
7 83 4
7 84 4
7 87 4
7 88 4
7 89 4
7 90 4
7 91 4
7 92 4
7 93 4
7 94 4
7 97 4
7 98 4
7 99 4
7 100 4
7 101 4
8 0 2
9 1 5
9 2 5
9 3 5
9 4 5
9 5 5
9 6 5
9 7 5
9 8 5
9 9 5
9 10 5
9 11 5
9 12 5
9 13 5
9 14 5
9 15 5
9 16 5
9 17 5
9 18 5
9 19 5
9 20 5
9 21 5
9 22 5
9 23 5
9 24 5
9 25 5
9 26 5
9 27 5
9 28 5
9 29 5
9 30 5
9 31 5
9 32 5
9 33 5
9 34 5
9 35 5
9 36 5
9 37 5
9 38 5
9 39 5
9 40 5
9 41 5
9 42 5
9 43 5
9 44 5
9 45 5
9 46 5
9 47 5
9 48 5
9 49 5
9 50 5
9 51 5
9 52 5
9 53 5
9 54 5
9 55 5
9 56 5
9 57 5
9 58 5
9 59 5
9 60 5
9 61 5
9 62 5
9 63 5
9 64 5
9 65 5
9 66 5
9 67 5
9 68 5
9 69 5
9 70 5
9 71 5
9 72 5
9 73 5
9 74 5
9 75 5
9 76 5
9 77 5
9 78 5
9 79 5
9 80 5
9 81 5
9 82 5
9 83 5
9 84 5
9 85 5
9 86 5
9 87 5
9 88 5
9 89 5
9 90 5
9 91 5
9 92 5
9 93 5
9 94 5
9 95 5
9 96 5
9 97 5
9 98 5
9 99 5
9 100 5
9 101 5
9 102 5
10 0 2
11 1 4
11 2 4
11 3 4
11 4 4
11 5 4
11 6 4
11 7 4
11 8 4
11 9 4
11 10 4
11 11 4
11 12 4
11 13 4
11 14 4
11 15 4
11 16 4
11 17 4
11 18 4
11 19 4
11 20 4
11 21 4
11 22 4
11 23 4
11 24 4
11 25 4
11 26 4
11 27 4
11 28 4
11 29 4
11 30 4
11 31 4
11 32 4
11 33 4
11 34 4
11 35 4
11 36 4
11 37 4
11 38 4
11 39 4
11 40 4
11 41 4
11 42 4
11 43 4
11 44 4
11 45 4
11 46 4
11 47 4
11 48 4
11 49 4
11 50 4
11 51 4
11 52 4
11 53 4
11 54 4
11 55 4
11 56 4
11 57 4
11 58 4
11 59 4
11 60 4
11 61 4
11 62 4
11 63 4
11 64 4
11 65 4
11 66 4
11 67 4
11 68 4
11 69 4
11 70 4
11 71 4
11 72 4
11 73 4
11 74 4
11 75 4
11 76 4
11 77 4
11 78 4
11 79 4
11 80 4
11 81 4
11 82 4
11 83 4
11 84 4
11 85 4
11 86 4
11 87 4
11 88 4
11 89 4
11 90 4
11 91 4
11 92 4
11 93 4
11 94 4
11 95 4
11 96 4
11 97 4
11 98 4
11 99 4
11 100 4
11 101 4
11 102 4
12 0 2
13 1 3
13 2 3
13 3 3
13 4 3
13 5 3
13 6 3
13 7 3
13 8 3
13 9 3
13 10 3
13 11 3
13 12 3
13 13 3
13 14 3
13 15 3
13 16 3
13 17 3
13 18 3
13 19 3
13 20 3
13 21 3
13 22 3
13 23 3
13 24 3
13 25 3
13 26 3
13 27 3
13 28 3
13 29 3
13 30 3
13 31 3
13 32 3
13 33 3
13 34 3
13 35 3
13 36 3
13 37 3
13 38 3
13 39 3
13 40 3
13 41 3
13 42 3
13 43 3
13 44 3
13 45 3
13 46 3
13 47 3
13 48 3
13 49 3
13 50 3
13 51 3
13 52 3
13 53 3
13 54 3
13 55 3
13 56 3
13 57 3
13 58 3
13 59 3
13 60 3
13 61 3
13 62 3
13 63 3
13 64 3
13 65 3
13 66 3
13 67 3
13 68 3
13 69 3
13 70 3
13 71 3
13 72 3
13 73 3
13 74 3
13 75 3
13 76 3
13 77 3
13 78 3
13 79 3
13 80 3
13 81 3
13 82 3
13 83 3
13 84 3
13 85 3
13 86 3
13 87 3
13 88 3
13 89 3
13 90 3
13 91 3
13 92 3
13 93 3
13 94 3
13 95 3
13 96 3
13 97 3
13 98 3
13 99 3
13 100 3
13 101 3
13 102 3
14 0 2
15 0 2
15 1 2
15 2 2
15 3 2
15 4 2
15 5 2
15 6 2
15 7 2
15 8 2
15 9 2
15 10 2
15 11 2
15 12 2
15 13 2
15 14 2
15 15 2
15 16 2
15 17 2
15 18 2
15 19 2
15 20 2
15 21 2
15 22 2
15 23 2
15 24 2
15 25 2
15 26 2
15 27 2
15 28 2
15 29 2
15 30 2
15 31 2
15 32 2
15 33 2
15 34 2
15 35 2
15 36 2
15 37 2
15 38 2
15 39 2
15 40 2
15 41 2
15 43 2
15 44 2
15 45 2
15 46 2
15 47 2
15 48 2
15 49 2
15 50 2
15 51 2
15 52 2
15 53 2
15 54 2
15 55 2
15 56 2
15 57 2
15 58 2
15 59 2
15 60 2
15 61 2
15 62 2
15 63 2
15 64 2
15 65 2
15 66 2
15 67 2
15 68 2
15 69 2
15 70 2
15 71 2
15 72 2
15 73 2
15 74 2
15 75 2
15 77 2
15 78 2
15 79 2
15 80 2
15 81 2
15 82 2
15 83 2
15 84 2
15 85 2
15 86 2
15 87 2
15 88 2
15 89 2
15 90 2
15 91 2
15 92 2
15 93 2
15 94 2
15 95 2
15 96 2
15 97 2
15 98 2
15 99 2
15 100 2
15 101 2
15 102 2
15 103 2
15 104 2
16 0 2
17 0 2
17 1 2
17 2 2
17 3 2
17 4 2
17 5 2
17 6 2
17 7 2
17 8 2
17 9 2
17 10 2
17 11 2
17 12 2
17 13 2
17 14 2
17 15 2
17 16 2
17 17 2
17 18 2
17 19 2
17 20 2
17 21 2
17 22 2
17 23 2
17 24 2
17 25 2
17 26 2
17 27 2
17 28 2
17 29 2
17 30 2
17 31 2
17 32 2
17 33 2
17 34 2
17 35 2
17 36 2
17 37 2
17 38 2
17 39 2
17 40 2
17 41 2
17 43 2
17 44 2
17 45 2
17 46 2
17 47 2
17 48 2
17 49 2
17 50 2
17 51 2
17 52 2
17 53 2
17 54 2
17 55 2
17 56 2
17 57 2
17 58 2
17 59 2
17 60 2
17 61 2
17 62 2
17 63 2
17 64 2
17 65 2
17 66 2
17 67 2
17 68 2
17 69 2
17 70 2
17 71 2
17 72 2
17 73 2
17 74 2
17 75 2
17 77 2
17 78 2
17 79 2
17 80 2
17 81 2
17 82 2
17 83 2
17 84 2
17 85 2
17 86 2
17 87 2
17 88 2
17 89 2
17 90 2
17 91 2
17 92 2
17 93 2
17 94 2
17 95 2
17 96 2
17 97 2
17 98 2
17 99 2
17 100 2
17 101 2
17 102 2
17 103 2
17 104 2
18 0 2
19 0 2
19 1 2
19 2 2
19 3 2
19 4 2
19 5 2
19 6 2
19 7 2
19 8 2
19 9 2
19 10 2
19 11 2
19 12 2
19 13 2
19 14 2
19 15 2
19 16 2
19 17 2
19 18 2
19 19 2
19 20 2
19 21 2
19 22 2
19 23 2
19 24 2
19 25 2
19 26 2
19 27 2
19 28 2
19 29 2
19 30 2
19 31 2
19 32 2
19 33 2
19 34 2
19 35 2
19 36 2
19 37 2
19 38 2
19 39 2
19 40 2
19 41 2
19 43 2
19 44 2
19 45 2
19 46 2
19 47 2
19 48 2
19 49 2
19 50 2
19 51 2
19 52 2
19 53 2
19 54 2
19 55 2
19 56 2
19 57 2
19 58 2
19 59 2
19 60 2
19 61 2
19 62 2
19 63 2
19 64 2
19 65 2
19 66 2
19 67 2
19 68 2
19 69 2
19 70 2
19 71 2
19 72 2
19 73 2
19 74 2
19 75 2
19 77 2
19 78 2
19 79 2
19 80 2
19 81 2
19 82 2
19 83 2
19 84 2
19 85 2
19 86 2
19 87 2
19 88 2
19 89 2
19 90 2
19 91 2
19 92 2
19 93 2
19 94 2
19 95 2
19 96 2
19 97 2
19 100 2
19 101 2
19 102 2
19 103 2
19 104 2
19 105 2
19 106 2
20 0 2
21 0 2
21 1 2
21 2 2
21 3 2
21 4 2
21 5 2
21 6 2
21 7 2
21 8 2
21 10 2
21 11 2
21 12 2
21 13 2
21 14 2
21 15 2
21 16 2
21 17 2
21 18 2
21 19 2
21 20 2
21 21 2
21 22 2
21 23 2
21 24 2
21 25 2
21 26 2
21 27 2
21 28 2
21 29 2
21 30 2
21 31 2
21 32 2
21 33 2
21 34 2
21 35 2
21 36 2
21 37 2
21 38 2
21 39 2
21 40 2
21 41 2
21 42 2
21 44 2
21 45 2
21 46 2
21 47 2
21 48 2
21 49 2
21 50 2
21 51 2
21 52 2
21 53 2
21 54 2
21 55 2
21 56 2
21 57 2
21 58 2
21 59 2
21 60 2
21 61 2
21 62 2
21 63 2
21 64 2
21 65 2
21 66 2
21 67 2
21 68 2
21 69 2
21 70 2
21 71 2
21 72 2
21 73 2
21 74 2
21 75 2
21 76 2
21 78 2
21 79 2
21 80 2
21 81 2
21 82 2
21 83 2
21 84 2
21 85 2
21 86 2
21 87 2
21 88 2
21 89 2
21 90 2
21 91 2
21 92 2
21 93 2
21 94 2
21 95 2
21 96 2
21 97 2
21 98 2
21 99 2
21 100 2
21 101 2
21 102 2
21 103 2
21 104 2
21 105 2
21 106 2
21 107 2
22 0 2
23 0 2
23 1 2
23 2 2
23 3 2
23 4 2
23 5 2
23 6 2
23 7 2
23 8 2
23 10 2
23 11 2
23 12 2
23 13 2
23 14 2
23 15 2
23 16 2
23 17 2
23 18 2
23 19 2
23 20 2
23 21 2
23 22 2
23 23 2
23 24 2
23 25 2
23 26 2
23 27 2
23 28 2
23 29 2
23 30 2
23 31 2
23 32 2
23 33 2
23 34 2
23 35 2
23 36 2
23 37 2
23 38 2
23 39 2
23 40 2
23 41 2
23 42 2
23 44 2
23 45 2
23 46 2
23 47 2
23 48 2
23 49 2
23 50 2
23 51 2
23 52 2
23 53 2
23 54 2
23 55 2
23 56 2
23 57 2
23 58 2
23 59 2
23 60 2
23 61 2
23 62 2
23 63 2
23 64 2
23 65 2
23 66 2
23 67 2
23 68 2
23 69 2
23 70 2
23 71 2
23 72 2
23 73 2
23 74 2
23 75 2
23 76 2
23 78 2
23 79 2
23 80 2
23 81 2
23 82 2
23 83 2
23 84 2
23 85 2
23 86 2
23 87 2
23 88 2
23 89 2
23 90 2
23 91 2
23 92 2
23 93 2
23 94 2
23 95 2
23 96 2
23 97 2
23 98 2
23 99 2
23 100 2
23 101 2
23 102 2
23 103 2
23 104 2
23 105 2
23 106 2
23 107 2
24 0 2
25 0 2
25 1 2
25 2 2
25 3 2
25 4 2
25 5 2
25 6 2
25 7 2
25 8 2
25 10 2
25 11 2
25 12 2
25 13 2
25 14 2
25 15 2
25 16 2
25 17 2
25 18 2
25 19 2
25 20 2
25 21 2
25 22 2
25 23 2
25 24 2
25 25 2
25 26 2
25 27 2
25 28 2
25 29 2
25 30 2
25 31 2
25 33 2
25 34 2
25 35 2
25 36 2
25 37 2
25 38 2
25 39 2
25 40 2
25 41 2
25 42 2
25 43 2
25 44 2
25 45 2
25 46 2
25 47 2
25 48 2
25 49 2
25 50 2
25 51 2
25 52 2
25 53 2
25 54 2
25 55 2
25 57 2
25 58 2
25 59 2
25 60 2
25 61 2
25 62 2
25 63 2
25 64 2
25 65 2
25 66 2
25 67 2
25 69 2
25 70 2
25 71 2
25 72 2
25 73 2
25 74 2
25 75 2
25 76 2
25 77 2
25 78 2
25 79 2
25 80 2
25 81 2
25 82 2
25 83 2
25 84 2
25 85 2
25 86 2
25 87 2
25 88 2
25 89 2
25 90 2
25 91 2
25 93 2
25 94 2
25 95 2
25 96 2
25 97 2
25 98 2
25 99 2
25 100 2
25 101 2
25 102 2
25 103 2
25 104 2
25 105 2
25 106 2
25 107 2
25 108 2
25 109 2
25 110 2
25 111 2
25 114 2
25 117 2
26 0 2
27 0 2
27 1 2
27 2 2
27 3 2
27 4 2
27 5 2
27 6 2
27 7 2
27 8 2
27 9 2
27 10 2
27 11 2
27 12 2
27 13 2
27 14 2
27 15 2
27 16 2
27 17 2
27 18 2
27 19 2
27 20 2
27 21 2
27 22 2
27 23 2
27 24 2
27 25 2
27 26 2
27 27 2
27 28 2
27 29 2
27 30 2
27 31 2
27 33 2
27 34 2
27 35 2
27 36 2
27 37 2
27 38 2
27 39 2
27 40 2
27 41 2
27 42 2
27 43 2
27 44 2
27 45 2
27 46 2
27 47 2
27 48 2
27 49 2
27 50 2
27 51 2
27 52 2
27 53 2
27 54 2
27 55 2
27 57 2
27 58 2
27 59 2
27 60 2
27 61 2
27 62 2
27 63 2
27 64 2
27 65 2
27 66 2
27 67 2
27 69 2
27 70 2
27 71 2
27 72 2
27 73 2
27 74 2
27 75 2
27 76 2
27 77 2
27 78 2
27 79 2
27 80 2
27 81 2
27 82 2
27 83 2
27 84 2
27 85 2
27 86 2
27 87 2
27 88 2
27 89 2
27 90 2
27 91 2
27 93 2
27 94 2
27 95 2
27 96 2
27 97 2
27 98 2
27 99 2
27 100 2
27 101 2
27 102 2
27 103 2
27 104 2
27 105 2
27 106 2
27 107 2
27 108 2
27 109 2
27 110 2
27 111 2
27 112 2
27 114 2
27 117 2
28 0 2
29 0 2
29 1 2
29 2 2
29 3 2
29 4 2
29 5 2
29 6 2
29 7 2
29 9 2
29 10 2
29 11 2
29 12 2
29 13 2
29 14 2
29 15 2
29 16 2
29 17 2
29 18 2
29 19 2
29 20 2
29 21 2
29 22 2
29 23 2
29 24 2
29 25 2
29 26 2
29 27 2
29 28 2
29 29 2
29 30 2
29 31 2
29 32 2
29 33 2
29 34 2
29 35 2
29 36 2
29 37 2
29 38 2
29 39 2
29 40 2
29 41 2
29 42 2
29 43 2
29 44 2
29 45 2
29 46 2
29 47 2
29 48 2
29 49 2
29 50 2
29 51 2
29 52 2
29 53 2
29 54 2
29 55 2
29 56 2
29 57 2
29 58 2
29 59 2
29 61 2
29 62 2
29 63 2
29 64 2
29 65 2
29 66 2
29 67 2
29 68 2
29 69 2
29 70 2
29 71 2
29 72 2
29 73 2
29 74 2
29 75 2
29 76 2
29 77 2
29 78 2
29 79 2
29 80 2
29 81 2
29 82 2
29 83 2
29 84 2
29 85 2
29 86 2
29 87 2
29 88 2
29 89 2
29 90 2
29 91 2
29 92 2
29 93 2
29 94 2
29 95 2
29 96 2
29 97 2
29 98 2
29 99 2
29 100 2
29 101 2
29 102 2
29 104 2
29 105 2
29 106 2
29 107 2
29 108 2
29 109 2
29 110 2
29 111 2
30 0 2
30 1 2
30 2 2
30 3 2
30 4 2
30 5 2
30 6 2
30 7 2
30 8 2
30 9 2
30 10 2
30 11 2
30 12 2
30 13 2
30 14 2
30 15 2
30 16 2
30 17 2
30 18 2
30 19 2
30 20 2
30 21 2
30 22 2
30 23 2
30 24 2
30 25 2
30 26 2
30 27 2
30 28 2
30 29 2
30 30 2
30 31 2
30 32 2
30 33 2
30 34 2
30 35 2
30 36 2
30 37 2
30 38 2
30 39 2
30 41 2
30 42 2
30 43 2
30 44 2
30 45 2
30 46 2
30 47 2
30 48 2
30 49 2
30 50 2
30 51 2
30 52 2
30 53 2
30 54 2
30 55 2
30 56 2
30 57 2
30 58 2
30 59 2
30 60 2
30 61 2
30 62 2
30 63 2
30 64 2
30 65 2
30 66 2
30 67 2
30 68 2
30 69 2
30 70 2
30 71 2
30 72 2
30 73 2
30 74 2
30 75 2
30 76 2
30 77 2
30 78 2
30 79 2
30 80 2
30 81 2
30 82 2
30 83 2
30 84 2
30 85 2
30 86 2
30 88 2
30 89 2
30 90 2
30 91 2
30 92 2
30 93 2
30 94 2
30 95 2
30 96 2
30 97 2
30 98 2
30 99 2
30 100 2
30 101 2
30 102 2
30 103 2
30 104 2
30 105 2
30 106 2
30 107 2
30 108 2
30 110 2
30 111 2
30 112 2
30 113 2
30 114 2
30 115 2
30 116 2
31 0 2
31 1 2
31 2 2
31 3 2
31 4 2
31 5 2
31 6 2
31 7 2
31 8 2
31 9 2
31 10 2
31 11 2
31 12 2
31 13 2
31 14 2
31 15 2
31 16 2
31 17 2
31 18 2
31 19 2
31 20 2
31 21 2
31 22 2
31 23 2
31 24 2
31 25 2
31 26 2
31 27 2
31 28 2
31 29 2
31 30 2
31 31 2
31 32 2
31 33 2
31 34 2
31 35 2
31 36 2
31 37 2
31 38 2
31 39 2
31 40 2
31 41 2
31 42 2
31 43 2
31 44 2
31 45 2
31 46 2
31 47 2
31 48 2
31 49 2
31 50 2
31 52 2
31 53 2
31 54 2
31 55 2
31 56 2
31 57 2
31 58 2
31 59 2
31 60 2
31 61 2
31 62 2
31 63 2
31 64 2
31 65 2
31 66 2
31 67 2
31 68 2
31 69 2
31 70 2
31 71 2
31 72 2
31 73 2
31 74 2
31 75 2
31 76 2
31 77 2
31 78 2
31 79 2
31 80 2
31 81 2
31 82 2
31 83 2
31 84 2
31 86 2
31 87 2
31 88 2
31 89 2
31 90 2
31 91 2
31 92 2
31 93 2
31 94 2
31 95 2
31 96 2
31 97 2
31 98 2
31 99 2
31 100 2
31 101 2
31 102 2
31 103 2
31 104 2
31 105 2
31 106 2
31 107 2
31 109 2
31 110 2
31 111 2
31 112 2
31 113 2
31 114 2
31 115 2
31 116 2
31 119 2
31 120 2
31 121 2
31 122 2
32 0 2
32 1 2
32 2 2
32 3 2
32 4 2
32 5 2
32 6 2
32 7 2
32 8 2
32 10 2
32 11 2
32 12 2
32 13 2
32 14 2
32 15 2
32 16 2
32 17 2
32 18 2
32 19 2
32 20 2
32 21 2
32 22 2
32 23 2
32 24 2
32 25 2
32 26 2
32 27 2
32 28 2
32 29 2
32 31 2
32 32 2
32 33 2
32 34 2
32 35 2
32 36 2
32 37 2
32 38 2
32 39 2
32 40 2
32 41 2
32 42 2
32 43 2
32 44 2
32 45 2
32 46 2
32 47 2
32 48 2
32 49 2
32 50 2
32 51 2
32 52 2
32 53 2
32 54 2
32 55 2
32 56 2
32 57 2
32 58 2
32 59 2
32 60 2
32 61 2
32 62 2
32 63 2
32 64 2
32 65 2
32 66 2
32 67 2
32 68 2
32 69 2
32 70 2
32 71 2
32 72 2
32 73 2
32 74 2
32 75 2
32 76 2
32 77 2
32 78 2
32 79 2
32 80 2
32 81 2
32 82 2
32 83 2
32 84 2
32 85 2
32 86 2
32 87 2
32 88 2
32 89 2
32 90 2
32 91 2
32 92 2
32 93 2
32 94 2
32 95 2
32 96 2
32 97 2
32 98 2
32 99 2
32 100 2
32 102 2
32 103 2
32 104 2
32 105 2
32 106 2
32 107 2
32 108 2
32 109 2
32 110 2
32 111 2
32 113 2
32 114 2
32 115 2
32 116 2
32 117 2
32 118 2
32 119 2
32 120 2
32 121 2
33 0 2
33 1 2
33 2 2
33 3 2
33 4 2
33 5 2
33 6 2
33 7 2
33 8 2
33 9 2
33 10 2
33 11 2
33 12 2
33 13 2
33 14 2
33 15 2
33 16 2
33 17 2
33 18 2
33 19 2
33 20 2
33 21 2
33 22 2
33 23 2
33 24 2
33 25 2
33 26 2
33 27 2
33 28 2
33 29 2
33 30 2
33 31 2
33 32 2
33 33 2
33 34 2
33 35 2
33 36 2
33 37 2
33 38 2
33 39 2
33 41 2
33 42 2
33 43 2
33 44 2
33 45 2
33 46 2
33 47 2
33 48 2
33 49 2
33 50 2
33 51 2
33 52 2
33 53 2
33 54 2
33 55 2
33 56 2
33 57 2
33 58 2
33 59 2
33 60 2
33 61 2
33 62 2
33 63 2
33 64 2
33 65 2
33 66 2
33 67 2
33 68 2
33 69 2
33 70 2
33 71 2
33 72 2
33 73 2
33 74 2
33 75 2
33 76 2
33 77 2
33 78 2
33 79 2
33 80 2
33 81 2
33 82 2
33 83 2
33 84 2
33 85 2
33 86 2
33 87 2
33 88 2
33 89 2
33 90 2
33 91 2
33 92 2
33 93 2
33 94 2
33 95 2
33 96 2
33 97 2
33 99 2
33 100 2
33 101 2
33 102 2
33 103 2
33 104 2
33 105 2
33 106 2
33 107 2
33 108 2
33 109 2
33 111 2
33 112 2
33 113 2
33 114 2
33 115 2
33 116 2
33 117 2
33 118 2
33 121 2
33 122 2
33 123 2
33 124 2
34 0 2
34 1 2
34 2 2
34 3 2
34 4 2
34 5 2
34 6 2
34 7 2
34 8 2
34 9 2
34 10 2
34 11 2
34 12 2
34 13 2
34 14 2
34 15 2
34 16 2
34 17 2
34 18 2
34 19 2
34 20 2
34 21 2
34 22 2
34 23 2
34 24 2
34 25 2
34 26 2
34 27 2
34 28 2
34 29 2
34 30 2
34 31 2
34 32 2
34 33 2
34 34 2
34 35 2
34 36 2
34 37 2
34 38 2
34 39 2
34 40 2
34 41 2
34 42 2
34 43 2
34 44 2
34 45 2
34 46 2
34 47 2
34 48 2
34 49 2
34 50 2
34 51 2
34 52 2
34 53 2
34 54 2
34 55 2
34 57 2
34 58 2
34 59 2
34 60 2
34 61 2
34 62 2
34 63 2
34 64 2
34 65 2
34 66 2
34 67 2
34 68 2
34 69 2
34 70 2
34 71 2
34 72 2
34 73 2
34 74 2
34 75 2
34 76 2
34 77 2
34 78 2
34 79 2
34 80 2
34 81 2
34 82 2
34 83 2
34 84 2
34 85 2
34 86 2
34 87 2
34 88 2
34 89 2
34 90 2
34 91 2
34 92 2
34 94 2
34 95 2
34 96 2
34 97 2
34 98 2
34 99 2
34 100 2
34 101 2
34 102 2
34 103 2
34 104 2
34 105 2
34 106 2
34 107 2
34 108 2
34 109 2
34 110 2
34 111 2
34 112 2
34 113 2
34 114 2
34 115 2
34 116 2
34 117 2
34 118 2
34 119 2
34 120 2
34 121 2
34 122 2
34 123 2
34 124 2
34 125 2
34 126 2
34 127 2
34 128 2
34 129 2
35 0 2
35 1 2
35 2 2
35 3 2
35 4 2
35 5 2
35 6 2
35 7 2
35 8 2
35 9 2
35 10 2
35 11 2
35 12 2
35 13 2
35 14 2
35 15 2
35 16 2
35 17 2
35 18 2
35 19 2
35 20 2
35 21 2
35 22 2
35 23 2
35 24 2
35 25 2
35 26 2
35 27 2
35 28 2
35 29 2
35 30 2
35 31 2
35 32 2
35 33 2
35 34 2
35 35 2
35 36 2
35 37 2
35 38 2
35 39 2
35 40 2
35 41 2
35 42 2
35 43 2
35 44 2
35 45 2
35 46 2
35 47 2
35 48 2
35 49 2
35 50 2
35 51 2
35 52 2
35 53 2
35 54 2
35 55 2
35 57 2
35 58 2
35 59 2
35 60 2
35 61 2
35 62 2
35 63 2
35 64 2
35 65 2
35 66 2
35 67 2
35 68 2
35 69 2
35 70 2
35 71 2
35 72 2
35 73 2
35 74 2
35 75 2
35 76 2
35 77 2
35 78 2
35 79 2
35 80 2
35 81 2
35 82 2
35 83 2
35 84 2
35 85 2
35 86 2
35 87 2
35 88 2
35 89 2
35 90 2
35 91 2
35 92 2
35 93 2
35 94 2
35 95 2
35 96 2
35 97 2
35 98 2
35 99 2
35 100 2
35 101 2
35 102 2
35 103 2
35 104 2
35 105 2
35 106 2
35 108 2
35 109 2
35 110 2
35 111 2
35 112 2
35 113 2
35 114 2
35 115 2
35 116 2
35 117 2
35 118 2
35 119 2
35 120 2
35 121 2
35 122 2
35 123 2
35 124 2
35 125 2
35 126 2
35 127 2
35 128 2
35 129 2
35 130 2
35 131 2
35 133 2
35 134 2
35 135 2
35 136 2
35 137 2
35 138 2
35 139 2
35 140 2
35 141 2
35 143 2
35 144 2
36 0 2
36 1 2
36 2 2
36 3 2
36 4 2
36 5 2
36 6 2
36 7 2
36 8 2
36 9 2
36 10 2
36 11 2
36 12 2
36 13 2
36 14 2
36 15 2
36 16 2
36 17 2
36 18 2
36 19 2
36 20 2
36 22 2
36 23 2
36 24 2
36 25 2
36 26 2
36 27 2
36 28 2
36 29 2
36 30 2
36 31 2
36 32 2
36 33 2
36 34 2
36 35 2
36 36 2
36 37 2
36 38 2
36 39 2
36 40 2
36 41 2
36 42 2
36 43 2
36 44 2
36 45 2
36 46 2
36 47 2
36 48 2
36 49 2
36 50 2
36 51 2
36 52 2
36 53 2
36 54 2
36 55 2
36 56 2
36 57 2
36 58 2
36 59 2
36 60 2
36 62 2
36 63 2
36 64 2
36 65 2
36 66 2
36 67 2
36 68 2
36 69 2
36 70 2
36 71 2
36 72 2
36 73 2
36 74 2
36 76 2
36 77 2
36 78 2
36 79 2
36 80 2
36 81 2
36 82 2
36 83 2
36 84 2
36 85 2
36 86 2
36 87 2
36 88 2
36 89 2
36 90 2
36 91 2
36 92 2
36 93 2
36 94 2
36 95 2
36 96 2
36 97 2
36 98 2
36 99 2
36 100 2
36 101 2
36 103 2
36 104 2
36 105 2
36 106 2
36 107 2
36 108 2
36 109 2
36 110 2
36 111 2
36 112 2
36 113 2
36 114 2
36 115 2
36 117 2
36 118 2
36 119 2
36 120 2
36 121 2
36 122 2
36 123 2
36 124 2
36 125 2
36 126 2
36 127 2
36 128 2
36 129 2
36 130 2
36 131 2
36 132 2
36 133 2
36 134 2
36 135 2
36 136 2
36 137 2
36 138 2
36 139 2
36 140 2
36 141 2
36 143 2
36 144 2
36 145 2
36 146 2
36 147 2
36 148 2
36 149 2
36 150 2
36 151 2
36 152 2
36 154 2
36 155 2
36 156 2
36 157 2
36 158 2
36 159 2
37 0 2
37 1 2
37 2 2
37 3 2
37 4 2
37 5 2
37 6 2
37 7 2
37 8 2
37 9 2
37 10 2
37 11 2
37 12 2
37 13 2
37 14 2
37 15 2
37 16 2
37 17 2
37 18 2
37 19 2
37 20 2
37 21 2
37 22 2
37 23 2
37 24 2
37 25 2
37 26 2
37 27 2
37 28 2
37 29 2
37 30 2
37 31 2
37 32 2
37 33 2
37 34 2
37 35 2
37 36 2
37 37 2
37 38 2
37 39 2
37 40 2
37 41 2
37 42 2
37 44 2
37 45 2
37 46 2
37 47 2
37 48 2
37 49 2
37 50 2
37 51 2
37 52 2
37 53 2
37 55 2
37 56 2
37 57 2
37 58 2
37 59 2
37 60 2
37 61 2
37 62 2
37 63 2
37 64 2
37 66 2
37 67 2
37 68 2
37 69 2
37 70 2
37 71 2
37 72 2
37 73 2
37 74 2
37 75 2
37 76 2
37 77 2
37 78 2
37 79 2
37 80 2
37 81 2
37 82 2
37 83 2
37 84 2
37 85 2
37 86 2
37 87 2
37 88 2
37 89 2
37 90 2
37 91 2
37 92 2
37 93 2
37 94 2
37 96 2
37 97 2
37 98 2
37 99 2
38 0 2
38 1 2
38 2 2
38 3 2
38 4 2
38 5 2
38 6 2
38 7 2
38 8 2
38 9 2
38 10 2
38 11 2
38 12 2
38 13 2
38 14 2
38 15 2
38 16 2
38 17 2
38 18 2
38 19 2
38 20 2
38 21 2
38 22 2
38 23 2
38 25 2
38 26 2
38 27 2
38 28 2
38 29 2
38 30 2
38 31 2
38 32 2
38 33 2
38 34 2
38 35 2
38 36 2
38 37 2
38 38 2
38 39 2
38 40 2
38 41 2
38 42 2
38 43 2
38 44 2
38 45 2
38 46 2
38 47 2
38 48 2
38 49 2
38 50 2
38 51 2
38 52 2
38 53 2
38 54 2
38 55 2
38 56 2
38 57 2
38 58 2
38 59 2
38 60 2
38 61 2
38 62 2
38 63 2
38 64 2
38 65 2
38 66 2
38 67 2
38 68 2
38 69 2
38 70 2
38 71 2
38 72 2
38 73 2
38 74 2
38 75 2
38 76 2
38 77 2
38 78 2
38 80 2
38 81 2
38 82 2
38 83 2
38 84 2
38 85 2
38 86 2
38 87 2
38 88 2
38 89 2
38 90 2
38 91 2
38 92 2
38 93 2
38 94 2
38 95 2
38 96 2
38 97 2
39 0 2
39 1 2
39 2 2
39 3 2
39 4 2
39 5 2
39 6 2
39 7 2
39 8 2
39 9 2
39 10 2
39 11 2
39 12 2
39 13 2
39 14 2
39 15 2
39 16 2
39 17 2
39 18 2
39 19 2
39 20 2
39 21 2
39 22 2
39 23 2
39 24 2
39 25 2
39 26 2
39 27 2
39 28 2
39 29 2
39 30 2
39 31 2
39 32 2
39 33 2
39 34 2
39 35 2
39 36 2
39 37 2
39 38 2
39 39 2
39 40 2
39 41 2
39 42 2
39 44 2
39 45 2
39 46 2
39 47 2
39 48 2
39 49 2
39 50 2
39 51 2
39 52 2
39 53 2
39 55 2
39 56 2
39 57 2
39 58 2
39 59 2
39 60 2
39 61 2
39 62 2
39 63 2
39 64 2
39 66 2
39 67 2
39 68 2
39 69 2
39 70 2
39 71 2
39 72 2
39 73 2
39 74 2
39 75 2
39 76 2
39 77 2
39 78 2
39 79 2
39 80 2
39 81 2
39 82 2
39 83 2
39 84 2
39 85 2
39 86 2
39 87 2
39 88 2
39 89 2
39 90 2
39 91 2
39 92 2
39 93 2
39 94 2
39 96 2
39 97 2
39 98 2
39 99 2
40 0 2
40 1 2
40 2 2
40 3 2
40 4 2
40 5 2
40 6 2
40 7 2
40 8 2
40 9 2
40 10 2
40 11 2
40 12 2
40 13 2
40 14 2
40 15 2
40 16 2
40 17 2
40 18 2
40 19 2
40 20 2
40 21 2
40 22 2
40 23 2
40 25 2
40 26 2
40 27 2
40 28 2
40 29 2
40 30 2
40 31 2
40 32 2
40 33 2
40 34 2
40 35 2
40 36 2
40 37 2
40 38 2
40 39 2
40 40 2
40 41 2
40 42 2
40 43 2
40 44 2
40 45 2
40 46 2
40 47 2
40 48 2
40 49 2
40 50 2
40 51 2
40 52 2
40 53 2
40 54 2
40 55 2
40 56 2
40 57 2
40 58 2
40 59 2
40 60 2
40 61 2
40 62 2
40 63 2
40 64 2
40 65 2
40 66 2
40 67 2
40 68 2
40 69 2
40 70 2
40 71 2
40 72 2
40 73 2
40 74 2
40 75 2
40 76 2
40 77 2
40 78 2
40 80 2
40 81 2
40 82 2
40 83 2
40 84 2
40 85 2
40 86 2
40 87 2
40 88 2
40 89 2
40 90 2
40 91 2
40 92 2
40 93 2
40 94 2
40 95 2
40 96 2
40 97 2
41 0 2
41 1 2
41 2 2
41 3 2
41 4 2
41 5 2
41 6 2
41 7 2
41 8 2
41 9 2
41 10 2
41 11 2
41 12 2
41 13 2
41 14 2
41 15 2
41 16 2
41 17 2
41 18 2
41 19 2
41 20 2
41 21 2
41 22 2
41 23 2
41 24 2
41 25 2
41 26 2
41 27 2
41 28 2
41 29 2
41 30 2
41 31 2
41 32 2
41 33 2
41 34 2
41 36 2
41 37 2
41 38 2
41 39 2
41 40 2
41 41 2
41 42 2
41 43 2
41 44 2
41 46 2
41 47 2
41 48 2
41 49 2
41 50 2
41 51 2
41 52 2
41 53 2
41 54 2
41 55 2
41 56 2
41 57 2
41 58 2
41 59 2
41 60 2
41 61 2
41 62 2
41 63 2
41 64 2
41 65 2
41 66 2
41 67 2
41 68 2
41 69 2
41 70 2
41 71 2
41 73 2
41 74 2
41 75 2
42 0 2
42 1 2
42 2 2
42 3 2
42 4 2
42 5 2
42 6 2
42 7 2
42 8 2
42 9 2
42 10 2
42 11 2
42 12 2
42 13 2
42 14 2
42 15 2
42 16 2
42 17 2
42 19 2
42 20 2
42 21 2
42 22 2
42 23 2
42 24 2
42 25 2
42 26 2
42 27 2
42 28 2
42 29 2
42 30 2
42 31 2
42 32 2
42 33 2
42 34 2
42 35 2
42 36 2
42 37 2
42 38 2
42 39 2
42 40 2
42 41 2
42 42 2
42 43 2
42 44 2
42 45 2
42 46 2
42 47 2
42 48 2
42 49 2
42 50 2
42 51 2
42 52 2
42 53 2
42 54 2
42 55 2
42 56 2
42 57 2
42 59 2
42 60 2
42 61 2
42 62 2
42 63 2
42 64 2
42 65 2
42 66 2
42 67 2
42 68 2
42 69 2
42 70 2
42 71 2
42 72 2
42 73 2
42 74 2
43 0 2
43 1 2
43 2 2
43 3 2
43 4 2
43 5 2
43 6 2
43 7 2
43 8 2
43 9 2
43 10 2
43 11 2
43 12 2
43 13 2
43 14 2
43 15 2
43 16 2
43 17 2
43 18 2
43 19 2
43 20 2
43 21 2
43 22 2
43 23 2
43 24 2
43 25 2
43 26 2
43 27 2
43 28 2
43 29 2
43 30 2
43 31 2
43 32 2
43 33 2
43 34 2
43 35 2
43 36 2
43 37 2
43 38 2
43 39 2
43 40 2
43 41 2
43 42 2
43 43 2
43 44 2
43 45 2
43 46 2
43 47 2
43 48 2
43 49 2
43 50 2
43 51 2
43 52 2
44 0 2
44 1 2
44 2 2
44 3 2
44 4 2
44 5 2
44 6 2
44 7 2
44 8 2
44 9 2
44 10 2
44 11 2
44 12 2
44 13 2
44 14 2
44 16 2
44 17 2
44 18 2
44 19 2
44 20 2
44 21 2
44 22 2
44 23 2
44 25 2
44 26 2
44 27 2
44 28 2
44 29 2
44 30 2
44 31 2
44 32 2
44 34 2
44 35 2
44 36 2
44 37 2
44 38 2
44 39 2
44 40 2
44 41 2
44 43 2
44 44 2
44 45 2
44 46 2
44 47 2
44 48 2
44 49 2
44 50 2
44 51 2
44 52 2
44 53 2
44 54 2
44 55 2
44 56 2
45 0 2
45 1 2
45 2 2
45 3 2
45 4 2
45 5 2
45 6 2
45 7 2
45 8 2
45 9 2
45 10 2
45 11 2
45 12 2
45 13 2
45 14 2
45 15 2
45 16 2
45 17 2
45 18 2
45 19 2
45 20 2
45 21 2
45 22 2
45 23 2
45 24 2
45 25 2
45 26 2
45 27 2
45 28 2
45 29 2
45 30 2
45 31 2
45 32 2
45 33 2
45 34 2
45 35 2
45 36 2
45 37 2
45 38 2
45 39 2
45 40 2
45 41 2
45 42 2
45 43 2
45 44 2
45 45 2
45 46 2
45 47 2
45 48 2
45 49 2
45 50 2
45 51 2
45 52 2
46 0 2
46 1 2
46 2 2
46 3 2
46 4 2
46 5 2
46 6 2
46 7 2
46 8 2
46 9 2
46 10 2
46 11 2
46 12 2
46 13 2
46 14 2
46 16 2
46 17 2
46 18 2
46 19 2
46 20 2
46 21 2
46 22 2
46 23 2
46 25 2
46 26 2
46 27 2
46 28 2
46 29 2
46 30 2
46 31 2
46 32 2
46 34 2
46 35 2
46 36 2
46 37 2
46 38 2
46 39 2
46 40 2
46 41 2
46 43 2
46 44 2
46 45 2
46 46 2
46 47 2
46 48 2
46 49 2
46 50 2
46 51 2
46 52 2
46 53 2
46 54 2
46 55 2
46 56 2
47 0 2
47 1 2
47 2 2
47 3 2
47 4 2
47 5 2
47 6 2
47 7 2
47 8 2
47 9 2
47 10 2
47 11 2
47 12 2
47 13 2
47 14 2
47 15 2
47 16 2
47 17 2
47 18 2
47 19 2
47 20 2
47 21 2
47 22 2
47 23 2
47 24 2
47 25 2
47 26 2
47 27 2
47 28 2
47 29 2
47 30 2
47 31 2
47 32 2
47 33 2
47 34 2
47 35 2
47 36 2
47 37 2
48 0 2
48 1 2
48 2 2
48 3 2
48 4 2
48 5 2
48 6 2
48 7 2
48 8 2
48 9 2
48 10 2
48 11 2
48 13 2
48 14 2
48 15 2
48 16 2
48 17 2
48 18 2
48 19 2
48 21 2
48 22 2
48 23 2
48 24 2
48 25 2
48 26 2
48 27 2
48 29 2
48 30 2
48 31 2
48 32 2
48 33 2
48 34 2
48 35 2
48 36 2
48 37 2
48 38 2
48 39 2
48 40 2
49 0 2
49 1 2
49 2 2
49 3 2
49 4 2
49 5 2
49 6 2
49 7 2
49 8 2
49 9 2
49 10 2
49 11 2
49 12 2
49 13 2
49 14 2
49 15 2
49 16 2
49 17 2
49 18 2
49 19 2
49 20 2
49 21 2
49 22 2
49 23 2
49 24 2
49 25 2
49 26 2
49 27 2
49 28 2
49 29 2
49 30 2
49 31 2
49 32 2
49 33 2
49 34 2
49 35 2
49 36 2
49 37 2
50 0 2
50 1 2
50 2 2
50 3 2
50 4 2
50 5 2
50 6 2
50 7 2
50 8 2
50 9 2
50 10 2
50 11 2
50 13 2
50 14 2
50 15 2
50 16 2
50 17 2
50 18 2
50 19 2
50 21 2
50 22 2
50 23 2
50 24 2
50 25 2
50 26 2
50 27 2
50 29 2
50 30 2
50 31 2
50 32 2
50 33 2
50 34 2
50 35 2
50 36 2
50 37 2
50 38 2
50 39 2
50 40 2
