1 0 0
1 1 6
1 2 7
1 3 5
1 4 4
1 5 3
1 6 2
1 7 2
1 8 2
1 9 8
1 10 6
1 11 8
1 12 7
1 13 5
1 14 4
1 15 3
1 16 3
1 17 2
1 18 2
1 20 6
1 21 7
1 22 7
1 23 6
1 24 5
1 25 4
1 26 3
1 27 3
1 28 2
1 29 2
1 30 2
1 31 5
1 32 5
1 33 5
1 34 5
1 35 5
1 36 4
1 37 3
1 38 3
1 39 2
1 40 2
1 41 2
1 42 3
1 43 4
1 44 4
1 45 4
1 46 4
1 47 3
1 48 3
1 49 3
1 50 2
1 51 2
1 52 2
1 53 3
1 54 3
1 55 3
1 56 3
1 57 3
1 58 3
1 59 3
1 60 2
1 61 2
1 62 2
1 63 2
1 64 2
1 65 2
1 66 3
1 67 3
1 68 3
1 69 3
1 70 2
1 71 2
1 72 2
1 73 2
1 74 2
1 75 2
1 76 2
1 77 2
1 78 2
1 79 2
1 80 2
1 81 2
1 82 2
1 83 2
1 84 2
1 87 2
1 88 2
1 89 2
1 90 2
1 91 2
1 92 2
1 93 2
1 94 2
1 97 2
1 98 2
1 99 2
1 100 2
1 101 2
2 0 0
3 0 0
3 1 7
3 2 10
3 3 7
3 4 5
3 5 4
3 6 3
3 7 3
3 8 2
3 9 10
3 10 7
3 11 10
3 12 10
3 13 8
3 14 6
3 15 5
3 16 4
3 17 3
3 18 2
3 20 9
3 21 10
3 22 10
3 23 9
3 24 7
3 25 6
3 26 5
3 27 4
3 28 3
3 29 3
3 30 2
3 31 6
3 32 7
3 33 8
3 34 7
3 35 6
3 36 5
3 37 5
3 38 4
3 39 3
3 40 3
3 41 2
3 42 5
3 43 5
3 44 6
3 45 6
3 46 5
3 47 5
3 48 4
3 49 4
3 50 3
3 51 3
3 52 2
3 53 4
3 54 4
3 55 5
3 56 5
3 57 5
3 58 4
3 59 4
3 60 3
3 61 3
3 62 3
3 63 2
3 64 3
3 65 3
3 66 4
3 67 4
3 68 4
3 69 4
3 70 3
3 71 3
3 72 3
3 73 2
3 74 2
3 75 2
3 76 3
3 77 3
3 78 3
3 79 3
3 80 3
3 81 3
3 82 3
3 83 2
3 84 2
3 87 2
3 88 2
3 89 3
3 90 3
3 91 3
3 92 3
3 93 2
3 94 2
3 97 2
3 98 2
3 99 2
3 100 2
3 101 2
4 0 0
5 0 0
5 1 7
5 2 11
5 3 7
5 4 5
5 5 4
5 6 3
5 7 3
5 8 2
5 9 10
5 10 7
5 11 10
5 12 11
5 13 8
5 14 6
5 15 5
5 16 3
5 17 3
5 18 2
5 20 9
5 21 11
5 22 11
5 23 9
5 24 7
5 25 6
5 26 5
5 27 4
5 28 3
5 29 2
5 30 2
5 31 6
5 32 7
5 33 8
5 34 7
5 35 6
5 36 5
5 37 5
5 38 4
5 39 3
5 40 2
5 41 2
5 42 5
5 43 5
5 44 6
5 45 6
5 46 5
5 47 5
5 48 4
5 49 3
5 50 3
5 51 2
5 52 2
5 53 4
5 54 4
5 55 5
5 56 5
5 57 5
5 58 4
5 59 4
5 60 3
5 61 3
5 62 2
5 63 2
5 64 3
5 65 3
5 66 3
5 67 4
5 68 4
5 69 3
5 70 3
5 71 3
5 72 3
5 73 2
5 74 2
5 75 2
5 76 3
5 77 3
5 78 3
5 79 3
5 80 3
5 81 3
5 82 3
5 83 2
5 84 2
5 87 2
5 88 2
5 89 2
5 90 2
5 91 2
5 92 2
5 93 2
5 94 2
5 97 2
5 98 2
5 99 2
5 100 2
5 101 2
6 0 0
7 0 0
7 1 7
7 2 10
7 3 6
7 4 5
7 5 4
7 6 3
7 7 2
7 8 2
7 9 10
7 10 7
7 11 10
7 12 10
7 13 7
7 14 5
7 15 4
7 16 3
7 17 2
7 18 2
7 20 8
7 21 10
7 22 10
7 23 8
7 24 6
7 25 5
7 26 4
7 27 3
7 28 2
7 29 2
7 30 1
7 31 6
7 32 6
7 33 7
7 34 6
7 35 6
7 36 5
7 37 4
7 38 3
7 39 3
7 40 2
7 41 2
7 42 4
7 43 5
7 44 5
7 45 5
7 46 5
7 47 4
7 48 4
7 49 3
7 50 2
7 51 2
7 52 2
7 53 3
7 54 4
7 55 4
7 56 4
7 57 4
7 58 4
7 59 3
7 60 3
7 61 2
7 62 2
7 63 2
7 64 2
7 65 3
7 66 3
7 67 3
7 68 3
7 69 3
7 70 3
7 71 2
7 72 2
7 73 2
7 74 1
7 75 2
7 76 2
7 77 2
7 78 2
7 79 3
7 80 2
7 81 2
7 82 2
7 83 2
7 84 2
7 87 2
7 88 2
7 89 2
7 90 2
7 91 2
7 92 2
7 93 2
7 94 2
7 97 1
7 98 2
7 99 2
7 100 2
7 101 1
8 0 0
9 1 7
9 2 9
9 3 6
9 4 4
9 5 3
9 6 2
9 7 2
9 8 2
9 9 10
9 10 7
9 11 10
9 12 9
9 13 6
9 14 4
9 15 3
9 16 2
9 17 2
9 18 2
9 19 1
9 20 7
9 21 9
9 22 9
9 23 7
9 24 6
9 25 4
9 26 3
9 27 3
9 28 2
9 29 2
9 30 2
9 31 5
9 32 6
9 33 6
9 34 6
9 35 5
9 36 4
9 37 3
9 38 3
9 39 2
9 40 2
9 41 2
9 42 3
9 43 4
9 44 4
9 45 4
9 46 4
9 47 3
9 48 3
9 49 2
9 50 2
9 51 2
9 52 1
9 53 3
9 54 3
9 55 3
9 56 3
9 57 3
9 58 3
9 59 3
9 60 2
9 61 2
9 62 2
9 63 2
9 64 2
9 65 2
9 66 2
9 67 3
9 68 3
9 69 2
9 70 2
9 71 2
9 72 2
9 73 2
9 74 2
9 75 2
9 76 2
9 77 2
9 78 2
9 79 2
9 80 2
9 81 2
9 82 2
9 83 2
9 84 2
9 85 1
9 86 1
9 87 2
9 88 2
9 89 2
9 90 2
9 91 2
9 92 2
9 93 2
9 94 2
9 95 1
9 96 1
9 97 2
9 98 2
9 99 1
9 100 2
9 101 2
9 102 1
10 0 0
11 1 6
11 2 7
11 3 5
11 4 3
11 5 2
11 6 2
11 7 2
11 8 2
11 9 8
11 10 6
11 11 8
11 12 7
11 13 5
11 14 3
11 15 3
11 16 2
11 17 2
11 18 2
11 19 1
11 20 6
11 21 7
11 22 7
11 23 6
11 24 5
11 25 3
11 26 3
11 27 2
11 28 2
11 29 2
11 30 2
11 31 4
11 32 5
11 33 5
11 34 5
11 35 4
11 36 3
11 37 3
11 38 2
11 39 2
11 40 2
11 41 2
11 42 3
11 43 3
11 44 3
11 45 3
11 46 3
11 47 3
11 48 2
11 49 2
11 50 2
11 51 2
11 52 1
11 53 2
11 54 2
11 55 3
11 56 3
11 57 3
11 58 2
11 59 2
11 60 2
11 61 2
11 62 2
11 63 2
11 64 2
11 65 2
11 66 2
11 67 2
11 68 2
11 69 2
11 70 2
11 71 2
11 72 2
11 73 2
11 74 2
11 75 2
11 76 2
11 77 2
11 78 2
11 79 2
11 80 2
11 81 2
11 82 2
11 83 2
11 84 2
11 85 1
11 86 1
11 87 2
11 88 2
11 89 2
11 90 2
11 91 2
11 92 2
11 93 2
11 94 2
11 95 1
11 96 1
11 97 2
11 98 2
11 99 1
11 100 2
11 101 2
11 102 1
12 0 0
13 1 5
13 2 6
13 3 4
13 4 3
13 5 2
13 6 2
13 7 2
13 8 2
13 9 7
13 10 5
13 11 7
13 12 6
13 13 4
13 14 3
13 15 2
13 16 2
13 17 2
13 18 2
13 19 1
13 20 5
13 21 6
13 22 6
13 23 5
13 24 4
13 25 3
13 26 2
13 27 2
13 28 2
13 29 2
13 30 2
13 31 3
13 32 4
13 33 4
13 34 4
13 35 3
13 36 3
13 37 2
13 38 2
13 39 2
13 40 2
13 41 2
13 42 2
13 43 3
13 44 3
13 45 3
13 46 3
13 47 2
13 48 2
13 49 2
13 50 2
13 51 2
13 52 2
13 53 2
13 54 2
13 55 2
13 56 2
13 57 2
13 58 2
13 59 2
13 60 2
13 61 2
13 62 2
13 63 2
13 64 2
13 65 2
13 66 2
13 67 2
13 68 2
13 69 2
13 70 2
13 71 2
13 72 2
13 73 2
13 74 2
13 75 2
13 76 2
13 77 2
13 78 2
13 79 2
13 80 2
13 81 2
13 82 2
13 83 2
13 84 2
13 85 1
13 86 1
13 87 2
13 88 2
13 89 2
13 90 2
13 91 2
13 92 2
13 93 2
13 94 2
13 95 1
13 96 1
13 97 2
13 98 2
13 99 2
13 100 2
13 101 2
13 102 1
14 0 0
15 0 0
15 1 4
15 2 5
15 3 3
15 4 2
15 5 2
15 6 2
15 7 2
15 8 2
15 9 6
15 10 4
15 11 6
15 12 5
15 13 4
15 14 2
15 15 2
15 16 2
15 17 2
15 18 2
15 19 1
15 20 4
15 21 5
15 22 5
15 23 4
15 24 3
15 25 2
15 26 2
15 27 2
15 28 2
15 29 2
15 30 2
15 31 3
15 32 3
15 33 4
15 34 3
15 35 3
15 36 2
15 37 2
15 38 2
15 39 2
15 40 2
15 41 2
15 43 2
15 44 2
15 45 2
15 46 2
15 47 2
15 48 2
15 49 2
15 50 2
15 51 2
15 52 2
15 53 2
15 54 2
15 55 2
15 56 2
15 57 2
15 58 2
15 59 2
15 60 2
15 61 2
15 62 2
15 63 2
15 64 2
15 65 2
15 66 2
15 67 2
15 68 2
15 69 2
15 70 2
15 71 2
15 72 2
15 73 2
15 74 2
15 75 2
15 77 2
15 78 2
15 79 2
15 80 2
15 81 2
15 82 2
15 83 2
15 84 2
15 85 2
15 86 2
15 87 1
15 88 1
15 89 2
15 90 2
15 91 2
15 92 2
15 93 2
15 94 2
15 95 2
15 96 2
15 97 1
15 98 1
15 99 2
15 100 2
15 101 2
15 102 2
15 103 2
15 104 1
16 0 0
17 0 0
17 1 3
17 2 5
17 3 3
17 4 2
17 5 2
17 6 2
17 7 2
17 8 2
17 9 5
17 10 3
17 11 5
17 12 5
17 13 3
17 14 2
17 15 2
17 16 2
17 17 2
17 18 2
17 19 1
17 20 4
17 21 5
17 22 5
17 23 4
17 24 3
17 25 2
17 26 2
17 27 2
17 28 2
17 29 2
17 30 2
17 31 2
17 32 3
17 33 3
17 34 3
17 35 2
17 36 2
17 37 2
17 38 2
17 39 2
17 40 2
17 41 2
17 43 2
17 44 2
17 45 2
17 46 2
17 47 2
17 48 2
17 49 2
17 50 2
17 51 2
17 52 2
17 53 2
17 54 2
17 55 2
17 56 2
17 57 2
17 58 2
17 59 2
17 60 2
17 61 2
17 62 2
17 63 2
17 64 2
17 65 2
17 66 2
17 67 2
17 68 2
17 69 2
17 70 2
17 71 2
17 72 2
17 73 2
17 74 2
17 75 2
17 77 2
17 78 2
17 79 2
17 80 2
17 81 2
17 82 2
17 83 2
17 84 2
17 85 2
17 86 2
17 87 1
17 88 1
17 89 2
17 90 2
17 91 2
17 92 2
17 93 2
17 94 2
17 95 2
17 96 2
17 97 1
17 98 1
17 99 2
17 100 2
17 101 2
17 102 2
17 103 2
17 104 1
18 0 0
19 0 0
19 1 3
19 2 4
19 3 3
19 4 2
19 5 2
19 6 2
19 7 2
19 8 2
19 9 4
19 10 3
19 11 4
19 12 4
19 13 3
19 14 2
19 15 2
19 16 2
19 17 2
19 18 2
19 19 1
19 20 3
19 21 4
19 22 4
19 23 3
19 24 3
19 25 2
19 26 2
19 27 2
19 28 2
19 29 2
19 30 2
19 31 2
19 32 3
19 33 3
19 34 3
19 35 2
19 36 2
19 37 2
19 38 2
19 39 2
19 40 2
19 41 2
19 43 2
19 44 2
19 45 2
19 46 2
19 47 2
19 48 2
19 49 2
19 50 2
19 51 2
19 52 2
19 53 2
19 54 2
19 55 2
19 56 2
19 57 2
19 58 2
19 59 2
19 60 2
19 61 2
19 62 2
19 63 2
19 64 2
19 65 2
19 66 2
19 67 2
19 68 2
19 69 2
19 70 2
19 71 2
19 72 2
19 73 2
19 74 2
19 75 2
19 77 2
19 78 2
19 79 2
19 80 2
19 81 2
19 82 2
19 83 2
19 84 2
19 85 2
19 86 2
19 87 1
19 88 2
19 89 2
19 90 2
19 91 2
19 92 2
19 93 2
19 94 2
19 95 2
19 96 2
19 97 2
19 100 1
19 101 2
19 102 2
19 103 2
19 104 2
19 105 2
19 106 1
20 0 0
21 0 0
21 1 3
21 2 4
21 3 2
21 4 2
21 5 2
21 6 2
21 7 2
21 8 2
21 10 4
21 11 3
21 12 4
21 13 4
21 14 3
21 15 2
21 16 2
21 17 2
21 18 2
21 19 2
21 20 2
21 21 3
21 22 4
21 23 4
21 24 3
21 25 2
21 26 2
21 27 2
21 28 2
21 29 2
21 30 2
21 31 2
21 32 2
21 33 2
21 34 3
21 35 2
21 36 2
21 37 2
21 38 2
21 39 2
21 40 2
21 41 2
21 42 2
21 44 2
21 45 2
21 46 2
21 47 2
21 48 2
21 49 2
21 50 2
21 51 2
21 52 2
21 53 2
21 54 2
21 55 2
21 56 2
21 57 2
21 58 2
21 59 2
21 60 2
21 61 2
21 62 2
21 63 2
21 64 2
21 65 2
21 66 2
21 67 2
21 68 2
21 69 2
21 70 2
21 71 2
21 72 2
21 73 2
21 74 2
21 75 2
21 76 2
21 78 2
21 79 2
21 80 2
21 81 2
21 82 2
21 83 2
21 84 2
21 85 2
21 86 2
21 87 2
21 88 2
21 89 2
21 90 2
21 91 2
21 92 2
21 93 2
21 94 2
21 95 2
21 96 2
21 97 2
21 98 2
21 99 1
21 100 1
21 101 2
21 102 2
21 103 2
21 104 2
21 105 2
21 106 2
21 107 2
22 0 0
23 0 0
23 1 2
23 2 3
23 3 2
23 4 2
23 5 2
23 6 2
23 7 2
23 8 2
23 10 3
23 11 2
23 12 3
23 13 3
23 14 2
23 15 2
23 16 2
23 17 2
23 18 2
23 19 2
23 20 2
23 21 3
23 22 3
23 23 3
23 24 3
23 25 2
23 26 2
23 27 2
23 28 2
23 29 2
23 30 2
23 31 2
23 32 2
23 33 2
23 34 2
23 35 2
23 36 2
23 37 2
23 38 2
23 39 2
23 40 2
23 41 2
23 42 2
23 44 2
23 45 2
23 46 2
23 47 2
23 48 2
23 49 2
23 50 2
23 51 2
23 52 2
23 53 2
23 54 2
23 55 2
23 56 2
23 57 2
23 58 2
23 59 2
23 60 2
23 61 2
23 62 2
23 63 2
23 64 2
23 65 2
23 66 2
23 67 2
23 68 2
23 69 2
23 70 2
23 71 2
23 72 2
23 73 2
23 74 2
23 75 2
23 76 2
23 78 2
23 79 2
23 80 2
23 81 2
23 82 2
23 83 2
23 84 2
23 85 2
23 86 2
23 87 2
23 88 2
23 89 2
23 90 2
23 91 2
23 92 2
23 93 2
23 94 2
23 95 2
23 96 2
23 97 2
23 98 2
23 99 1
23 100 1
23 101 2
23 102 2
23 103 2
23 104 2
23 105 2
23 106 2
23 107 2
24 0 0
25 0 0
25 1 2
25 2 3
25 3 2
25 4 2
25 5 2
25 6 2
25 7 2
25 8 2
25 10 3
25 11 2
25 12 3
25 13 3
25 14 2
25 15 2
25 16 2
25 17 2
25 18 2
25 19 2
25 20 2
25 21 3
25 22 3
25 23 3
25 24 3
25 25 2
25 26 2
25 27 2
25 28 2
25 29 2
25 30 2
25 31 2
25 33 2
25 34 2
25 35 2
25 36 2
25 37 2
25 38 2
25 39 2
25 40 2
25 41 2
25 42 2
25 43 2
25 44 1
25 45 2
25 46 2
25 47 2
25 48 2
25 49 2
25 50 2
25 51 2
25 52 2
25 53 2
25 54 2
25 55 2
25 57 2
25 58 2
25 59 2
25 60 2
25 61 2
25 62 2
25 63 2
25 64 2
25 65 2
25 66 2
25 67 2
25 69 2
25 70 2
25 71 2
25 72 2
25 73 2
25 74 2
25 75 2
25 76 2
25 77 2
25 78 2
25 79 2
25 80 1
25 81 2
25 82 2
25 83 2
25 84 2
25 85 2
25 86 2
25 87 2
25 88 2
25 89 2
25 90 2
25 91 2
25 93 2
25 94 2
25 95 2
25 96 2
25 97 2
25 98 2
25 99 2
25 100 2
25 101 2
25 102 2
25 103 1
25 104 1
25 105 2
25 106 2
25 107 2
25 108 2
25 109 2
25 110 2
25 111 2
25 114 1
25 117 1
26 0 0
27 0 0
27 1 2
27 2 3
27 3 2
27 4 2
27 5 2
27 6 2
27 7 2
27 8 2
27 9 1
27 10 3
27 11 2
27 12 3
27 13 3
27 14 2
27 15 2
27 16 2
27 17 2
27 18 2
27 19 2
27 20 2
27 21 3
27 22 3
27 23 3
27 24 3
27 25 2
27 26 2
27 27 2
27 28 2
27 29 2
27 30 2
27 31 2
27 33 2
27 34 2
27 35 2
27 36 2
27 37 2
27 38 2
27 39 2
27 40 2
27 41 2
27 42 2
27 43 2
27 44 1
27 45 2
27 46 2
27 47 2
27 48 2
27 49 2
27 50 2
27 51 2
27 52 2
27 53 2
27 54 2
27 55 2
27 57 2
27 58 2
27 59 2
27 60 2
27 61 2
27 62 2
27 63 2
27 64 2
27 65 2
27 66 2
27 67 2
27 69 2
27 70 2
27 71 2
27 72 2
27 73 2
27 74 2
27 75 2
27 76 2
27 77 2
27 78 2
27 79 2
27 80 1
27 81 2
27 82 2
27 83 2
27 84 2
27 85 2
27 86 2
27 87 2
27 88 2
27 89 2
27 90 2
27 91 2
27 93 2
27 94 2
27 95 2
27 96 2
27 97 2
27 98 2
27 99 2
27 100 2
27 101 2
27 102 2
27 103 1
27 104 1
27 105 2
27 106 2
27 107 2
27 108 2
27 109 2
27 110 2
27 111 2
27 112 1
27 114 1
27 117 1
28 0 0
29 0 0
29 1 2
29 2 2
29 3 2
29 4 2
29 5 2
29 6 2
29 7 2
29 9 2
29 10 2
29 11 2
29 12 2
29 13 2
29 14 2
29 15 2
29 16 2
29 17 2
29 18 2
29 19 2
29 20 2
29 21 2
29 22 2
29 23 2
29 24 2
29 25 2
29 26 2
29 27 1
29 28 2
29 29 2
29 30 2
29 31 2
29 32 2
29 33 2
29 34 2
29 35 2
29 36 2
29 37 2
29 38 2
29 39 2
29 40 2
29 41 2
29 42 2
29 43 2
29 44 2
29 45 2
29 46 2
29 47 2
29 48 2
29 49 2
29 50 2
29 51 2
29 52 2
29 53 2
29 54 2
29 55 2
29 56 2
29 57 2
29 58 2
29 59 2
29 61 2
29 62 2
29 63 2
29 64 2
29 65 2
29 66 2
29 67 2
29 68 2
29 69 2
29 70 2
29 71 2
29 72 2
29 73 2
29 74 2
29 75 2
29 76 2
29 77 2
29 78 2
29 79 2
29 80 2
29 81 2
29 82 2
29 83 2
29 84 2
29 85 2
29 86 2
29 87 2
29 88 2
29 89 2
29 90 2
29 91 2
29 92 2
29 93 1
29 94 2
29 95 2
29 96 2
29 97 2
29 98 2
29 99 2
29 100 2
29 101 2
29 102 2
29 104 1
29 105 2
29 106 2
29 107 2
29 108 2
29 109 2
29 110 2
29 111 1
30 0 0
30 1 2
30 2 2
30 3 2
30 4 2
30 5 2
30 6 2
30 7 2
30 8 2
30 9 2
30 10 2
30 11 2
30 12 2
30 13 2
30 14 2
30 15 2
30 16 2
30 17 1
30 18 2
30 19 2
30 20 2
30 21 2
30 22 2
30 23 2
30 24 2
30 25 2
30 26 2
30 27 2
30 28 2
30 29 2
30 30 2
30 31 2
30 32 2
30 33 2
30 34 2
30 35 2
30 36 2
30 37 2
30 38 2
30 39 2
30 41 2
30 42 2
30 43 2
30 44 2
30 45 2
30 46 2
30 47 2
30 48 2
30 49 2
30 50 2
30 51 2
30 52 1
30 53 2
30 54 2
30 55 2
30 56 2
30 57 2
30 58 2
30 59 2
30 60 2
30 61 2
30 62 2
30 63 2
30 64 2
30 65 2
30 66 2
30 67 2
30 68 2
30 69 2
30 70 2
30 71 2
30 72 2
30 73 2
30 74 2
30 75 1
30 76 2
30 77 2
30 78 2
30 79 2
30 80 2
30 81 2
30 82 2
30 83 2
30 84 2
30 85 2
30 86 2
30 88 2
30 89 2
30 90 2
30 91 2
30 92 2
30 93 2
30 94 2
30 95 2
30 96 2
30 97 2
30 98 1
30 99 1
30 100 2
30 101 2
30 102 2
30 103 2
30 104 2
30 105 2
30 106 2
30 107 2
30 108 1
30 110 1
30 111 2
30 112 2
30 113 1
30 114 2
30 115 2
30 116 1
31 0 0
31 1 2
31 2 2
31 3 2
31 4 2
31 5 2
31 6 2
31 7 2
31 8 1
31 9 2
31 10 2
31 11 2
31 12 2
31 13 2
31 14 2
31 15 2
31 16 2
31 17 1
31 18 2
31 19 2
31 20 2
31 21 2
31 22 2
31 23 2
31 24 2
31 25 2
31 26 2
31 27 2
31 28 2
31 29 2
31 30 2
31 31 2
31 32 2
31 33 2
31 34 2
31 35 2
31 36 2
31 37 2
31 38 2
31 39 2
31 40 2
31 41 2
31 42 2
31 43 2
31 44 2
31 45 2
31 46 2
31 47 2
31 48 2
31 49 2
31 50 2
31 52 2
31 53 2
31 54 2
31 55 2
31 56 2
31 57 2
31 58 2
31 59 2
31 60 2
31 61 2
31 62 1
31 63 2
31 64 2
31 65 2
31 66 2
31 67 2
31 68 2
31 69 2
31 70 2
31 71 2
31 72 2
31 73 2
31 74 2
31 75 2
31 76 2
31 77 2
31 78 2
31 79 2
31 80 2
31 81 2
31 82 2
31 83 2
31 84 2
31 86 2
31 87 2
31 88 2
31 89 2
31 90 2
31 91 2
31 92 2
31 93 2
31 94 2
31 95 2
31 96 2
31 97 2
31 98 2
31 99 2
31 100 2
31 101 2
31 102 2
31 103 2
31 104 2
31 105 2
31 106 1
31 107 1
31 109 2
31 110 2
31 111 2
31 112 2
31 113 2
31 114 2
31 115 2
31 116 2
31 119 1
31 120 1
31 121 1
31 122 1
32 0 0
32 1 2
32 2 2
32 3 2
32 4 2
32 5 2
32 6 2
32 7 2
32 8 2
32 10 2
32 11 2
32 12 2
32 13 2
32 14 2
32 15 2
32 16 2
32 17 2
32 18 2
32 19 2
32 20 2
32 21 2
32 22 2
32 23 2
32 24 2
32 25 2
32 26 2
32 27 2
32 28 2
32 29 2
32 31 2
32 32 2
32 33 2
32 34 2
32 35 2
32 36 2
32 37 2
32 38 2
32 39 2
32 40 2
32 41 2
32 42 1
32 43 2
32 44 2
32 45 2
32 46 2
32 47 2
32 48 2
32 49 2
32 50 2
32 51 2
32 52 2
32 53 2
32 54 2
32 55 2
32 56 2
32 57 2
32 58 2
32 59 2
32 60 2
32 61 2
32 62 2
32 63 2
32 64 2
32 65 2
32 66 2
32 67 2
32 68 2
32 69 2
32 70 2
32 71 2
32 72 2
32 73 2
32 74 2
32 75 2
32 76 2
32 77 2
32 78 2
32 79 2
32 80 2
32 81 2
32 82 2
32 83 2
32 84 2
32 85 2
32 86 2
32 87 2
32 88 2
32 89 1
32 90 2
32 91 2
32 92 2
32 93 2
32 94 2
32 95 2
32 96 2
32 97 2
32 98 2
32 99 2
32 100 2
32 102 1
32 103 2
32 104 2
32 105 2
32 106 2
32 107 2
32 108 2
32 109 2
32 110 2
32 111 1
32 113 1
32 114 2
32 115 2
32 116 2
32 117 1
32 118 2
32 119 2
32 120 2
32 121 1
33 0 0
33 1 2
33 2 2
33 3 2
33 4 2
33 5 2
33 6 2
33 7 2
33 8 1
33 9 2
33 10 2
33 11 2
33 12 2
33 13 2
33 14 2
33 15 2
33 16 2
33 17 1
33 18 2
33 19 2
33 20 2
33 21 2
33 22 2
33 23 2
33 24 2
33 25 2
33 26 2
33 27 2
33 28 2
33 29 2
33 30 2
33 31 2
33 32 2
33 33 2
33 34 2
33 35 2
33 36 2
33 37 2
33 38 2
33 39 2
33 41 2
33 42 2
33 43 2
33 44 2
33 45 2
33 46 2
33 47 2
33 48 2
33 49 2
33 50 2
33 51 2
33 52 1
33 53 2
33 54 2
33 55 2
33 56 2
33 57 2
33 58 2
33 59 2
33 60 2
33 61 2
33 62 2
33 63 1
33 64 2
33 65 2
33 66 2
33 67 2
33 68 2
33 69 2
33 70 2
33 71 2
33 72 2
33 73 2
33 74 2
33 75 2
33 76 2
33 77 2
33 78 2
33 79 2
33 80 2
33 81 2
33 82 2
33 83 2
33 84 2
33 85 2
33 86 1
33 87 2
33 88 2
33 89 2
33 90 2
33 91 2
33 92 2
33 93 2
33 94 2
33 95 2
33 96 2
33 97 2
33 99 2
33 100 2
33 101 2
33 102 2
33 103 2
33 104 2
33 105 2
33 106 2
33 107 2
33 108 1
33 109 1
33 111 2
33 112 2
33 113 2
33 114 2
33 115 2
33 116 2
33 117 2
33 118 2
33 121 1
33 122 2
33 123 2
33 124 1
34 0 0
34 1 1
34 2 2
34 3 2
34 4 2
34 5 2
34 6 2
34 7 2
34 8 2
34 9 1
34 10 1
34 11 2
34 12 2
34 13 2
34 14 2
34 15 2
34 16 2
34 17 2
34 18 2
34 19 1
34 20 2
34 21 2
34 22 2
34 23 2
34 24 2
34 25 2
34 26 2
34 27 2
34 28 2
34 29 2
34 30 2
34 31 2
34 32 2
34 33 2
34 34 2
34 35 2
34 36 2
34 37 2
34 38 2
34 39 2
34 40 2
34 41 2
34 42 2
34 43 2
34 44 2
34 45 2
34 46 2
34 47 2
34 48 2
34 49 2
34 50 2
34 51 2
34 52 2
34 53 2
34 54 2
34 55 2
34 57 2
34 58 2
34 59 2
34 60 2
34 61 2
34 62 2
34 63 2
34 64 2
34 65 2
34 66 2
34 67 2
34 68 1
34 69 2
34 70 2
34 71 2
34 72 2
34 73 2
34 74 2
34 75 2
34 76 2
34 77 2
34 78 2
34 79 2
34 80 2
34 81 2
34 82 2
34 83 2
34 84 2
34 85 2
34 86 2
34 87 2
34 88 2
34 89 2
34 90 2
34 91 2
34 92 2
34 94 2
34 95 2
34 96 2
34 97 2
34 98 2
34 99 2
34 100 2
34 101 2
34 102 2
34 103 2
34 104 2
34 105 2
34 106 2
34 107 2
34 108 2
34 109 2
34 110 2
34 111 2
34 112 2
34 113 2
34 114 2
34 115 2
34 116 1
34 117 1
34 118 2
34 119 2
34 120 2
34 121 2
34 122 2
34 123 2
34 124 2
34 125 2
34 126 2
34 127 1
34 128 2
34 129 1
35 0 0
35 1 2
35 2 2
35 3 2
35 4 2
35 5 2
35 6 2
35 7 2
35 8 2
35 9 1
35 10 2
35 11 2
35 12 2
35 13 2
35 14 2
35 15 2
35 16 2
35 17 2
35 18 2
35 19 1
35 20 1
35 21 1
35 22 2
35 23 2
35 24 2
35 25 2
35 26 2
35 27 2
35 28 2
35 29 2
35 30 2
35 31 2
35 32 2
35 33 2
35 34 2
35 35 2
35 36 2
35 37 2
35 38 2
35 39 2
35 40 2
35 41 2
35 42 2
35 43 2
35 44 2
35 45 2
35 46 2
35 47 2
35 48 2
35 49 2
35 50 2
35 51 2
35 52 2
35 53 2
35 54 2
35 55 2
35 57 2
35 58 2
35 59 2
35 60 2
35 61 2
35 62 2
35 63 2
35 64 2
35 65 2
35 66 2
35 67 2
35 68 2
35 69 1
35 70 2
35 71 2
35 72 2
35 73 2
35 74 2
35 75 2
35 76 2
35 77 2
35 78 2
35 79 2
35 80 2
35 81 2
35 82 2
35 83 2
35 84 2
35 85 2
35 86 2
35 87 2
35 88 2
35 89 2
35 90 2
35 91 2
35 92 2
35 93 2
35 94 1
35 95 2
35 96 2
35 97 2
35 98 2
35 99 2
35 100 2
35 101 2
35 102 2
35 103 2
35 104 2
35 105 2
35 106 2
35 108 2
35 109 2
35 110 2
35 111 2
35 112 2
35 113 2
35 114 2
35 115 2
35 116 2
35 117 2
35 118 2
35 119 2
35 120 2
35 121 2
35 122 2
35 123 2
35 124 2
35 125 2
35 126 2
35 127 2
35 128 2
35 129 2
35 130 1
35 131 1
35 133 2
35 134 2
35 135 2
35 136 2
35 137 2
35 138 2
35 139 2
35 140 2
35 141 2
35 143 1
35 144 2
36 0 0
36 1 1
36 2 2
36 3 2
36 4 2
36 5 2
36 6 2
36 7 2
36 8 2
36 9 2
36 10 1
36 11 1
36 12 2
36 13 2
36 14 2
36 15 2
36 16 2
36 17 2
36 18 2
36 19 2
36 20 2
36 22 2
36 23 2
36 24 2
36 25 2
36 26 2
36 27 2
36 28 2
36 29 2
36 30 2
36 31 2
36 32 2
36 33 2
36 34 1
36 35 2
36 36 2
36 37 2
36 38 2
36 39 2
36 40 2
36 41 2
36 42 2
36 43 2
36 44 2
36 45 2
36 46 2
36 47 2
36 48 2
36 49 2
36 50 2
36 51 2
36 52 2
36 53 2
36 54 2
36 55 2
36 56 2
36 57 2
36 58 2
36 59 2
36 60 2
36 62 2
36 63 2
36 64 2
36 65 2
36 66 2
36 67 2
36 68 2
36 69 2
36 70 2
36 71 2
36 72 2
36 73 2
36 74 1
36 76 2
36 77 2
36 78 2
36 79 2
36 80 2
36 81 2
36 82 2
36 83 2
36 84 2
36 85 2
36 86 2
36 87 2
36 88 1
36 89 2
36 90 2
36 91 2
36 92 2
36 93 2
36 94 2
36 95 2
36 96 2
36 97 2
36 98 2
36 99 2
36 100 2
36 101 2
36 103 2
36 104 2
36 105 2
36 106 2
36 107 2
36 108 2
36 109 2
36 110 2
36 111 2
36 112 2
36 113 2
36 114 2
36 115 2
36 117 2
36 118 2
36 119 2
36 120 2
36 121 2
36 122 2
36 123 2
36 124 2
36 125 2
36 126 2
36 127 2
36 128 2
36 129 1
36 130 2
36 131 2
36 132 2
36 133 2
36 134 2
36 135 2
36 136 2
36 137 2
36 138 2
36 139 2
36 140 2
36 141 1
36 143 2
36 144 2
36 145 2
36 146 2
36 147 2
36 148 2
36 149 2
36 150 2
36 151 2
36 152 2
36 154 1
36 155 2
36 156 2
36 157 2
36 158 2
36 159 1
37 0 0
37 1 1
37 2 2
37 3 2
37 4 2
37 5 2
37 6 2
37 7 2
37 8 2
37 9 2
37 10 2
37 11 2
37 12 2
37 13 2
37 14 1
37 15 1
37 16 2
37 17 2
37 18 2
37 19 2
37 20 2
37 21 2
37 22 2
37 23 2
37 24 2
37 25 2
37 26 2
37 27 2
37 28 2
37 29 2
37 30 2
37 31 2
37 32 2
37 33 2
37 34 2
37 35 2
37 36 2
37 37 2
37 38 2
37 39 2
37 40 2
37 41 2
37 42 2
37 44 2
37 45 2
37 46 2
37 47 2
37 48 2
37 49 2
37 50 2
37 51 2
37 52 2
37 53 2
37 55 2
37 56 2
37 57 2
37 58 2
37 59 2
37 60 2
37 61 2
37 62 2
37 63 2
37 64 2
37 66 2
37 67 2
37 68 2
37 69 2
37 70 2
37 71 2
37 72 2
37 73 2
37 74 2
37 75 2
37 76 2
37 77 2
37 78 2
37 79 2
37 80 2
37 81 2
37 82 2
37 83 2
37 84 2
37 85 1
37 86 1
37 87 2
37 88 2
37 89 2
37 90 2
37 91 2
37 92 2
37 93 2
37 94 1
37 96 1
37 97 1
37 98 1
37 99 1
38 0 0
38 1 2
38 2 2
38 3 2
38 4 2
38 5 2
38 6 2
38 7 1
38 8 2
38 9 2
38 10 2
38 11 2
38 12 2
38 13 2
38 14 2
38 15 1
38 16 1
38 17 2
38 18 2
38 19 2
38 20 2
38 21 2
38 22 2
38 23 2
38 25 2
38 26 2
38 27 2
38 28 2
38 29 2
38 30 2
38 31 2
38 32 2
38 33 2
38 34 2
38 35 1
38 36 2
38 37 2
38 38 2
38 39 2
38 40 2
38 41 2
38 42 2
38 43 2
38 44 2
38 45 2
38 46 1
38 47 2
38 48 2
38 49 2
38 50 2
38 51 2
38 52 2
38 53 2
38 54 2
38 55 2
38 56 2
38 57 1
38 58 2
38 59 2
38 60 2
38 61 2
38 62 2
38 63 2
38 64 2
38 65 2
38 66 2
38 67 2
38 68 1
38 69 2
38 70 2
38 71 2
38 72 2
38 73 2
38 74 2
38 75 2
38 76 2
38 77 2
38 78 2
38 80 2
38 81 2
38 82 2
38 83 2
38 84 2
38 85 2
38 86 2
38 87 2
38 88 2
38 89 1
38 90 1
38 91 2
38 92 2
38 93 2
38 94 2
38 95 2
38 96 2
38 97 1
39 0 0
39 1 1
39 2 2
39 3 2
39 4 2
39 5 2
39 6 2
39 7 2
39 8 2
39 9 2
39 10 2
39 11 2
39 12 2
39 13 2
39 14 1
39 15 1
39 16 2
39 17 2
39 18 2
39 19 2
39 20 2
39 21 2
39 22 2
39 23 2
39 24 2
39 25 2
39 26 2
39 27 2
39 28 2
39 29 2
39 30 2
39 31 2
39 32 2
39 33 2
39 34 2
39 35 2
39 36 2
39 37 2
39 38 2
39 39 2
39 40 2
39 41 2
39 42 2
39 44 2
39 45 2
39 46 2
39 47 2
39 48 2
39 49 2
39 50 2
39 51 2
39 52 2
39 53 2
39 55 2
39 56 2
39 57 2
39 58 2
39 59 2
39 60 2
39 61 2
39 62 2
39 63 2
39 64 2
39 66 2
39 67 2
39 68 2
39 69 2
39 70 2
39 71 2
39 72 2
39 73 2
39 74 2
39 75 2
39 76 2
39 77 2
39 78 2
39 79 2
39 80 2
39 81 2
39 82 2
39 83 2
39 84 2
39 85 1
39 86 1
39 87 2
39 88 2
39 89 2
39 90 2
39 91 2
39 92 2
39 93 2
39 94 1
39 96 1
39 97 1
39 98 1
39 99 1
40 0 0
40 1 2
40 2 2
40 3 2
40 4 2
40 5 2
40 6 2
40 7 1
40 8 2
40 9 2
40 10 2
40 11 2
40 12 2
40 13 2
40 14 2
40 15 1
40 16 1
40 17 2
40 18 2
40 19 2
40 20 2
40 21 2
40 22 2
40 23 2
40 25 2
40 26 2
40 27 2
40 28 2
40 29 2
40 30 2
40 31 2
40 32 2
40 33 2
40 34 2
40 35 1
40 36 2
40 37 2
40 38 2
40 39 2
40 40 2
40 41 2
40 42 2
40 43 2
40 44 2
40 45 2
40 46 1
40 47 2
40 48 2
40 49 2
40 50 2
40 51 2
40 52 2
40 53 2
40 54 2
40 55 2
40 56 2
40 57 1
40 58 2
40 59 2
40 60 2
40 61 2
40 62 2
40 63 2
40 64 2
40 65 2
40 66 2
40 67 2
40 68 1
40 69 2
40 70 2
40 71 2
40 72 2
40 73 2
40 74 2
40 75 2
40 76 2
40 77 2
40 78 2
40 80 2
40 81 2
40 82 2
40 83 2
40 84 2
40 85 2
40 86 2
40 87 2
40 88 2
40 89 1
40 90 1
40 91 2
40 92 2
40 93 2
40 94 2
40 95 2
40 96 2
40 97 1
41 0 0
41 1 2
41 2 2
41 3 2
41 4 2
41 5 2
41 6 2
41 7 2
41 8 2
41 9 2
41 10 2
41 11 1
41 12 2
41 13 2
41 14 2
41 15 2
41 16 2
41 17 2
41 18 1
41 19 1
41 20 2
41 21 2
41 22 2
41 23 2
41 24 2
41 25 2
41 26 2
41 27 2
41 28 2
41 29 2
41 30 2
41 31 2
41 32 2
41 33 2
41 34 2
41 36 2
41 37 2
41 38 2
41 39 2
41 40 2
41 41 2
41 42 2
41 43 2
41 44 2
41 46 2
41 47 2
41 48 2
41 49 2
41 50 2
41 51 2
41 52 2
41 53 2
41 54 2
41 55 2
41 56 2
41 57 2
41 58 2
41 59 2
41 60 2
41 61 2
41 62 2
41 63 1
41 64 1
41 65 2
41 66 2
41 67 2
41 68 2
41 69 2
41 70 2
41 71 1
41 73 1
41 74 1
41 75 1
42 0 0
42 1 1
42 2 2
42 3 2
42 4 2
42 5 2
42 6 1
42 7 2
42 8 2
42 9 2
42 10 2
42 11 2
42 12 1
42 13 2
42 14 2
42 15 2
42 16 2
42 17 2
42 19 2
42 20 2
42 21 2
42 22 2
42 23 2
42 24 2
42 25 2
42 26 2
42 27 2
42 28 1
42 29 2
42 30 2
42 31 2
42 32 2
42 33 2
42 34 2
42 35 2
42 36 2
42 37 2
42 38 1
42 39 2
42 40 2
42 41 2
42 42 2
42 43 2
42 44 2
42 45 2
42 46 2
42 47 2
42 48 1
42 49 2
42 50 2
42 51 2
42 52 2
42 53 2
42 54 2
42 55 2
42 56 2
42 57 2
42 59 2
42 60 2
42 61 2
42 62 2
42 63 2
42 64 2
42 65 2
42 66 2
42 67 1
42 68 1
42 69 2
42 70 2
42 71 2
42 72 2
42 73 2
42 74 1
43 0 0
43 1 2
43 2 2
43 3 2
43 4 2
43 5 2
43 6 2
43 7 2
43 8 2
43 9 1
43 10 2
43 11 2
43 12 2
43 13 2
43 14 2
43 15 1
43 16 1
43 17 2
43 18 2
43 19 2
43 20 2
43 21 2
43 22 2
43 23 2
43 24 2
43 25 2
43 26 2
43 27 2
43 28 2
43 29 2
43 30 2
43 31 2
43 32 2
43 33 2
43 34 2
43 35 2
43 36 2
43 37 2
43 38 2
43 39 2
43 40 2
43 41 2
43 42 2
43 43 2
43 44 2
43 45 1
43 46 1
43 47 2
43 48 2
43 49 2
43 50 2
43 51 2
43 52 1
44 0 0
44 1 1
44 2 2
44 3 2
44 4 2
44 5 1
44 6 2
44 7 2
44 8 2
44 9 2
44 10 1
44 11 2
44 12 2
44 13 2
44 14 2
44 16 2
44 17 2
44 18 2
44 19 2
44 20 2
44 21 2
44 22 2
44 23 2
44 25 2
44 26 2
44 27 2
44 28 2
44 29 2
44 30 2
44 31 2
44 32 2
44 34 2
44 35 2
44 36 2
44 37 2
44 38 2
44 39 2
44 40 2
44 41 2
44 43 2
44 44 2
44 45 2
44 46 2
44 47 2
44 48 2
44 49 2
44 50 1
44 51 1
44 52 2
44 53 2
44 54 2
44 55 2
44 56 1
45 0 0
45 1 2
45 2 2
45 3 2
45 4 2
45 5 2
45 6 2
45 7 2
45 8 2
45 9 1
45 10 2
45 11 2
45 12 2
45 13 2
45 14 2
45 15 1
45 16 1
45 17 2
45 18 2
45 19 2
45 20 2
45 21 2
45 22 2
45 23 2
45 24 2
45 25 2
45 26 2
45 27 2
45 28 2
45 29 2
45 30 2
45 31 2
45 32 2
45 33 2
45 34 2
45 35 2
45 36 2
45 37 2
45 38 2
45 39 2
45 40 2
45 41 2
45 42 2
45 43 2
45 44 2
45 45 1
45 46 1
45 47 2
45 48 2
45 49 2
45 50 2
45 51 2
45 52 1
46 0 0
46 1 1
46 2 2
46 3 2
46 4 2
46 5 1
46 6 2
46 7 2
46 8 2
46 9 2
46 10 1
46 11 2
46 12 2
46 13 2
46 14 2
46 16 2
46 17 2
46 18 2
46 19 2
46 20 2
46 21 2
46 22 2
46 23 2
46 25 2
46 26 2
46 27 2
46 28 2
46 29 2
46 30 2
46 31 2
46 32 2
46 34 2
46 35 2
46 36 2
46 37 2
46 38 2
46 39 2
46 40 2
46 41 2
46 43 2
46 44 2
46 45 2
46 46 2
46 47 2
46 48 2
46 49 2
46 50 1
46 51 1
46 52 2
46 53 2
46 54 2
46 55 2
46 56 1
47 0 0
47 1 2
47 2 2
47 3 2
47 4 2
47 5 2
47 6 2
47 7 1
47 8 2
47 9 2
47 10 2
47 11 2
47 12 1
47 13 1
47 14 2
47 15 2
47 16 2
47 17 2
47 18 2
47 19 2
47 20 2
47 21 2
47 22 2
47 23 2
47 24 2
47 25 2
47 26 2
47 27 2
47 28 2
47 29 2
47 30 2
47 31 1
47 32 1
47 33 2
47 34 2
47 35 2
47 36 2
47 37 1
48 0 0
48 1 1
48 2 2
48 3 2
48 4 1
48 5 2
48 6 2
48 7 2
48 8 1
48 9 2
48 10 2
48 11 2
48 13 2
48 14 2
48 15 2
48 16 2
48 17 2
48 18 2
48 19 2
48 21 2
48 22 2
48 23 2
48 24 2
48 25 2
48 26 2
48 27 2
48 29 2
48 30 2
48 31 2
48 32 2
48 33 2
48 34 2
48 35 1
48 36 1
48 37 2
48 38 2
48 39 2
48 40 1
49 0 0
49 1 2
49 2 2
49 3 2
49 4 2
49 5 2
49 6 2
49 7 1
49 8 2
49 9 2
49 10 2
49 11 2
49 12 1
49 13 1
49 14 2
49 15 2
49 16 2
49 17 2
49 18 2
49 19 2
49 20 2
49 21 2
49 22 2
49 23 2
49 24 2
49 25 2
49 26 2
49 27 2
49 28 2
49 29 2
49 30 2
49 31 1
49 32 1
49 33 2
49 34 2
49 35 2
49 36 2
49 37 1
50 0 0
50 1 1
50 2 2
50 3 2
50 4 1
50 5 2
50 6 2
50 7 2
50 8 1
50 9 2
50 10 2
50 11 2
50 13 2
50 14 2
50 15 2
50 16 2
50 17 2
50 18 2
50 19 2
50 21 2
50 22 2
50 23 2
50 24 2
50 25 2
50 26 2
50 27 2
50 29 2
50 30 2
50 31 2
50 32 2
50 33 2
50 34 2
50 35 1
50 36 1
50 37 2
50 38 2
50 39 2
50 40 1
