-1 -10 134
-1 -11 134
-1 -12 134
-1 -2 139
-1 -3 132
-1 -4 132
-1 -5 133
-1 -6 133
-1 -7 133
-1 -8 134
-1 -9 134
-1 1 11
-1 10 13
-1 11 13
-1 2 11
-1 3 11
-1 4 12
-1 5 12
-1 6 12
-1 7 13
-1 8 13
-1 9 13
-10 -1 173
-10 -10 163
-10 -11 141
-10 -12 143
-10 -13 145
-10 -2 175
-10 -3 177
-10 -4 178
-10 -5 180
-10 -6 179
-10 -7 170
-10 -8 168
-10 -9 166
-10 0 3
-10 1 6
-10 2 8
-10 3 10
-11 -1 173
-11 -10 166
-11 -11 163
-11 -12 141
-11 -2 175
-11 -3 177
-11 -4 178
-11 -5 180
-11 -6 180
-11 -7 179
-11 -8 170
-11 -9 168
-11 0 3
-11 1 6
-12 -1 173
-12 -10 168
-12 -11 166
-12 -2 175
-12 -3 177
-12 -4 178
-12 -5 180
-12 -6 180
-12 -7 180
-12 -8 179
-12 -9 170
-13 -10 170
-13 -3 177
-13 -4 181
-13 -5 181
-13 -6 181
-13 -7 181
-13 -8 181
-13 -9 179
-2 -1 171
-2 -10 136
-2 -11 136
-2 -12 136
-2 -2 161
-2 -3 139
-2 -4 132
-2 -5 135
-2 -6 135
-2 -7 135
-2 -8 136
-2 -9 136
-2 0 1
-2 1 4
-2 10 15
-2 2 4
-2 3 14
-2 4 14
-2 5 14
-2 6 15
-2 7 15
-2 8 15
-2 9 15
-3 -1 171
-3 -10 138
-3 -11 138
-3 -12 138
-3 -13 138
-3 -2 164
-3 -3 161
-3 -4 139
-3 -5 142
-3 -6 137
-3 -7 137
-3 -8 137
-3 -9 138
-3 0 1
-3 1 4
-3 10 17
-3 2 7
-3 3 9
-3 4 16
-3 5 16
-3 6 16
-3 7 17
-3 8 17
-3 9 17
-4 -1 171
-4 -10 147
-4 -11 147
-4 -12 147
-4 -13 147
-4 -2 164
-4 -3 164
-4 -4 161
-4 -5 140
-4 -6 142
-4 -7 144
-4 -8 146
-4 -9 147
-4 0 1
-4 1 5
-4 2 7
-4 3 9
-4 4 18
-4 5 18
-4 6 18
-4 7 18
-4 8 18
-4 9 21
-5 -1 172
-5 -10 148
-5 -11 148
-5 -12 148
-5 -13 149
-5 -2 174
-5 -3 167
-5 -4 165
-5 -5 162
-5 -6 140
-5 -7 142
-5 -8 144
-5 -9 146
-5 0 2
-5 1 5
-5 2 7
-5 3 9
-5 4 19
-5 5 20
-5 6 20
-5 7 20
-5 8 21
-6 -1 172
-6 -10 146
-6 -11 148
-6 -12 148
-6 -13 149
-6 -2 174
-6 -3 169
-6 -4 167
-6 -5 165
-6 -6 162
-6 -7 140
-6 -8 143
-6 -9 144
-6 0 2
-6 1 5
-6 2 8
-6 3 10
-6 4 19
-6 5 20
-6 6 20
-6 7 21
-7 -1 172
-7 -10 145
-7 -11 146
-7 -12 148
-7 -13 149
-7 -2 174
-7 -3 176
-7 -4 169
-7 -5 167
-7 -6 165
-7 -7 162
-7 -8 141
-7 -9 143
-7 0 2
-7 1 6
-7 2 8
-7 3 10
-7 4 19
-7 5 20
-7 6 21
-8 -1 173
-8 -10 143
-8 -11 145
-8 -12 146
-8 -13 149
-8 -2 175
-8 -3 176
-8 -4 178
-8 -5 169
-8 -6 168
-8 -7 166
-8 -8 163
-8 -9 141
-8 0 3
-8 1 6
-8 2 8
-8 3 10
-8 4 19
-8 5 21
-9 -1 173
-9 -10 141
-9 -11 143
-9 -12 145
-9 -13 149
-9 -2 175
-9 -3 176
-9 -4 178
-9 -5 179
-9 -6 170
-9 -7 168
-9 -8 166
-9 -9 163
-9 0 3
-9 1 6
-9 2 8
-9 3 10
-9 4 19
0 -10 131
0 -11 131
0 -2 129
0 -3 129
0 -4 129
0 -5 130
0 -6 130
0 -7 130
0 -8 131
0 -9 131
0 10 35
0 11 35
0 2 33
0 3 33
0 4 33
0 5 34
0 6 34
0 7 34
0 8 35
0 9 35
1 -1 107
1 -10 109
1 -11 109
1 -2 107
1 -3 107
1 -4 108
1 -5 108
1 -6 108
1 -7 109
1 -8 109
1 -9 109
1 10 38
1 11 38
1 12 38
1 2 43
1 3 36
1 4 36
1 5 37
1 6 37
1 7 37
1 8 38
1 9 38
10 -1 102
10 -2 104
10 -3 106
10 0 99
10 1 77
10 10 67
10 11 45
10 12 47
10 13 49
10 2 79
10 3 81
10 4 82
10 5 84
10 6 83
10 7 74
10 8 72
10 9 70
11 -1 102
11 0 99
11 1 77
11 10 70
11 11 67
11 12 45
11 2 79
11 3 81
11 4 82
11 5 84
11 6 84
11 7 83
11 8 74
11 9 72
12 1 77
12 10 72
12 11 70
12 2 79
12 3 81
12 4 82
12 5 84
12 6 84
12 7 84
12 8 83
12 9 74
13 10 74
13 3 81
13 4 85
13 5 85
13 6 85
13 7 85
13 8 85
13 9 83
2 -1 100
2 -10 111
2 -2 100
2 -3 110
2 -4 110
2 -5 110
2 -6 111
2 -7 111
2 -8 111
2 -9 111
2 0 97
2 1 75
2 10 40
2 11 40
2 12 40
2 2 65
2 3 43
2 4 36
2 5 39
2 6 39
2 7 39
2 8 40
2 9 40
3 -1 100
3 -10 113
3 -2 103
3 -3 105
3 -4 112
3 -5 112
3 -6 112
3 -7 113
3 -8 113
3 -9 113
3 0 97
3 1 75
3 10 42
3 11 42
3 12 42
3 13 42
3 2 68
3 3 65
3 4 43
3 5 46
3 6 41
3 7 41
3 8 41
3 9 42
4 -1 101
4 -2 103
4 -3 105
4 -4 114
4 -5 114
4 -6 114
4 -7 114
4 -8 114
4 -9 117
4 0 97
4 1 75
4 10 51
4 11 51
4 12 51
4 13 51
4 2 68
4 3 68
4 4 65
4 5 44
4 6 46
4 7 48
4 8 50
4 9 51
5 -1 101
5 -2 103
5 -3 105
5 -4 115
5 -5 116
5 -6 116
5 -7 116
5 -8 117
5 0 98
5 1 76
5 10 52
5 11 52
5 12 52
5 13 53
5 2 78
5 3 71
5 4 69
5 5 66
5 6 44
5 7 46
5 8 48
5 9 50
6 -1 101
6 -2 104
6 -3 106
6 -4 115
6 -5 116
6 -6 116
6 -7 117
6 0 98
6 1 76
6 10 50
6 11 52
6 12 52
6 13 53
6 2 78
6 3 73
6 4 71
6 5 69
6 6 66
6 7 44
6 8 47
6 9 48
7 -1 102
7 -2 104
7 -3 106
7 -4 115
7 -5 116
7 -6 117
7 0 98
7 1 76
7 10 49
7 11 50
7 12 52
7 13 53
7 2 78
7 3 80
7 4 73
7 5 71
7 6 69
7 7 66
7 8 45
7 9 47
8 -1 102
8 -2 104
8 -3 106
8 -4 115
8 -5 117
8 0 99
8 1 77
8 10 47
8 11 49
8 12 50
8 13 53
8 2 79
8 3 80
8 4 82
8 5 73
8 6 72
8 7 70
8 8 67
8 9 45
9 -1 102
9 -2 104
9 -3 106
9 -4 115
9 0 99
9 1 77
9 10 45
9 11 47
9 12 49
9 13 53
9 2 79
9 3 80
9 4 82
9 5 83
9 6 74
9 7 72
9 8 70
9 9 67
