7 33
8 11
9 1
10 171
11 161
12 139
13 129
14 107
15 97
16 75
17 65
18 43
19 33
20 11
21 4
22 1
23 171
24 164
25 161
26 139
27 132
28 129
29 107
30 100
31 97
32 75
33 68
34 65
35 43
36 36
37 33
38 11
39 4
40 4
41 1
42 171
43 164
44 164
45 161
46 139
47 132
48 132
49 129
50 107
51 100
52 100
53 97
54 75
55 68
56 68
57 65
58 43
59 36
60 36
61 34
62 12
63 14
64 7
65 5
66 2
67 172
68 174
69 167
70 165
71 162
72 140
73 142
74 135
75 133
76 130
77 108
78 110
79 103
80 101
81 98
82 76
83 78
84 71
85 69
86 66
87 44
88 46
89 39
90 37
91 34
92 12
93 14
94 9
95 7
96 5
97 2
98 172
99 174
100 169
101 167
102 165
103 162
104 140
105 142
106 137
107 135
108 133
109 130
110 108
111 110
112 105
113 103
114 101
115 98
116 76
117 78
118 73
119 71
120 69
121 66
122 44
123 46
124 41
125 39
126 37
127 34
128 12
129 14
130 16
131 9
132 7
133 5
134 2
135 172
136 174
137 176
138 169
139 167
140 165
141 162
142 140
143 142
144 144
145 137
146 135
147 133
148 130
149 108
150 110
151 112
152 105
153 103
154 101
155 98
156 76
157 78
158 80
159 73
160 71
161 69
162 66
163 44
164 46
165 48
166 41
167 39
168 37
169 35
170 13
171 15
172 16
173 18
174 9
175 8
176 6
177 3
178 173
179 175
180 176
181 178
182 169
183 168
184 166
185 163
186 141
187 143
188 144
189 146
190 137
191 136
192 134
193 131
194 109
195 111
196 112
197 114
198 105
199 104
200 102
201 99
202 77
203 79
204 80
205 82
206 73
207 72
208 70
209 67
210 45
211 47
212 48
213 50
214 41
215 40
216 38
217 35
218 13
219 15
220 16
221 18
222 19
223 10
224 8
225 6
226 3
227 173
228 175
229 176
230 178
231 179
232 170
233 168
234 166
235 163
236 141
237 143
238 144
239 146
240 147
241 138
242 136
243 134
244 131
245 109
246 111
247 112
248 114
249 115
250 106
251 104
252 102
253 99
254 77
255 79
256 80
257 82
258 83
259 74
260 72
261 70
262 67
263 45
264 47
265 48
266 50
267 51
268 42
269 40
270 38
271 35
272 13
273 15
274 17
275 18
276 20
277 19
278 10
279 8
280 6
281 3
282 173
283 175
284 177
285 178
286 180
287 179
288 170
289 168
290 166
291 163
292 141
293 143
294 145
295 146
296 148
297 147
298 138
299 136
300 134
301 131
302 109
303 111
304 113
305 114
306 116
307 115
308 106
309 104
310 102
311 99
312 77
313 79
314 81
315 82
316 84
317 83
318 74
319 72
320 70
321 67
322 45
323 47
324 49
325 50
326 52
327 51
328 42
329 40
330 38
331 35
332 13
333 15
334 17
335 18
336 20
337 20
338 19
339 10
340 8
341 6
342 3
343 173
344 175
345 177
346 178
347 180
348 180
349 179
350 170
351 168
352 166
353 163
354 141
355 143
356 145
357 146
358 148
359 148
360 147
361 138
362 136
363 134
364 131
365 109
366 111
367 113
368 114
369 116
370 116
371 115
372 106
373 104
374 102
375 99
376 77
377 79
378 81
379 82
380 84
381 84
382 83
383 74
384 72
385 70
386 67
387 45
388 47
389 49
390 50
391 52
392 52
393 51
394 42
395 40
396 38
398 13
399 15
400 17
401 18
402 20
403 20
404 20
405 19
406 10
407 8
408 6
410 173
411 175
412 177
413 178
414 180
415 180
416 180
417 179
418 170
419 168
420 166
422 141
423 143
424 145
425 146
426 148
427 148
428 148
429 147
430 138
431 136
432 134
434 109
435 111
436 113
437 114
438 116
439 116
440 116
441 115
442 106
443 104
444 102
446 77
447 79
448 81
449 82
450 84
451 84
452 84
453 83
454 74
455 72
456 70
458 45
459 47
460 49
461 50
462 52
463 52
464 52
465 51
466 42
467 40
468 38
472 17
473 21
474 21
475 21
476 21
477 21
478 19
479 10
485 177
486 181
487 181
488 181
489 181
490 181
491 179
492 170
498 145
499 149
500 149
501 149
502 149
503 149
504 147
505 138
511 113
512 117
513 117
514 117
515 117
516 117
517 115
518 106
524 81
525 85
526 85
527 85
528 85
529 85
530 83
531 74
537 49
538 53
539 53
540 53
541 53
542 53
543 51
544 42
